(kicad_pcb (version 20171130) (host pcbnew "(5.0.0)")

  (general
    (thickness 1.6)
    (drawings 0)
    (tracks 429)
    (zones 0)
    (modules 89)
    (nets 62)
  )

  (page A4)
  (layers
    (0 F.Cu signal)
    (31 B.Cu signal)
    (32 B.Adhes user)
    (33 F.Adhes user)
    (34 B.Paste user hide)
    (35 F.Paste user hide)
    (36 B.SilkS user)
    (37 F.SilkS user)
    (38 B.Mask user hide)
    (39 F.Mask user hide)
    (40 Dwgs.User user)
    (41 Cmts.User user)
    (42 Eco1.User user)
    (43 Eco2.User user)
    (44 Edge.Cuts user)
    (45 Margin user)
    (46 B.CrtYd user)
    (47 F.CrtYd user)
    (48 B.Fab user hide)
    (49 F.Fab user hide)
  )

  (setup
    (last_trace_width 0.508)
    (user_trace_width 0.3429)
    (user_trace_width 0.508)
    (user_trace_width 0.8)
    (user_trace_width 1)
    (user_trace_width 2)
    (user_trace_width 3)
    (user_trace_width 5)
    (user_trace_width 9)
    (trace_clearance 0.295)
    (zone_clearance 0.6)
    (zone_45_only no)
    (trace_min 0.0499)
    (segment_width 0.2)
    (edge_width 0.1)
    (via_size 0.9)
    (via_drill 0.7)
    (via_min_size 0.7)
    (via_min_drill 0.6)
    (user_via 1.7 0.6)
    (user_via 1.8 0.7)
    (user_via 2 0.9)
    (user_via 3.1 2)
    (user_via 4.1 3)
    (uvia_size 0.3)
    (uvia_drill 0.1)
    (uvias_allowed no)
    (uvia_min_size 0.2)
    (uvia_min_drill 0.1)
    (pcb_text_width 0.3)
    (pcb_text_size 1.5 1.5)
    (mod_edge_width 0.15)
    (mod_text_size 1 1)
    (mod_text_width 0.15)
    (pad_size 1 1.5)
    (pad_drill 0)
    (pad_to_mask_clearance 0)
    (aux_axis_origin 0 0)
    (visible_elements 7FFFF7FF)
    (pcbplotparams
      (layerselection 0x010fc_ffffffff)
      (usegerberextensions false)
      (usegerberattributes false)
      (usegerberadvancedattributes false)
      (creategerberjobfile false)
      (excludeedgelayer true)
      (linewidth 0.100000)
      (plotframeref false)
      (viasonmask false)
      (mode 1)
      (useauxorigin false)
      (hpglpennumber 1)
      (hpglpenspeed 20)
      (hpglpendiameter 15.000000)
      (psnegative false)
      (psa4output false)
      (plotreference true)
      (plotvalue true)
      (plotinvisibletext false)
      (padsonsilk false)
      (subtractmaskfromsilk false)
      (outputformat 1)
      (mirror false)
      (drillshape 1)
      (scaleselection 1)
      (outputdirectory ""))
  )

  (net 0 "")
  (net 1 /Vb_sen+)
  (net 2 /-B)
  (net 3 /Vp_sen-)
  (net 4 /+Vp)
  (net 5 /Vp_sen+)
  (net 6 /Vbat_adc+)
  (net 7 /Ipanel_adc+)
  (net 8 /Vpanel_adc+)
  (net 9 /+B)
  (net 10 /-Vp)
  (net 11 /+18V_OUT)
  (net 12 GND)
  (net 13 +12V)
  (net 14 /Rs-)
  (net 15 GNDA)
  (net 16 /INA240_OUT)
  (net 17 +5VA)
  (net 18 "Net-(F1-Pad2)")
  (net 19 "Net-(U5-Pad36)")
  (net 20 "Net-(U5-Pad35)")
  (net 21 "Net-(U5-Pad34)")
  (net 22 "Net-(U5-Pad30)")
  (net 23 "Net-(U5-Pad29)")
  (net 24 "Net-(U5-Pad28)")
  (net 25 "Net-(U5-Pad27)")
  (net 26 "Net-(U5-Pad26)")
  (net 27 "Net-(U5-Pad25)")
  (net 28 "Net-(U5-Pad24)")
  (net 29 "Net-(U5-Pad23)")
  (net 30 "Net-(U5-Pad22)")
  (net 31 "Net-(U5-Pad21)")
  (net 32 "Net-(U5-Pad20)")
  (net 33 "Net-(U5-Pad19)")
  (net 34 "Net-(U5-Pad17)")
  (net 35 "Net-(U5-Pad16)")
  (net 36 /PWM)
  (net 37 "Net-(U5-Pad14)")
  (net 38 "Net-(U5-Pad13)")
  (net 39 "Net-(U5-Pad12)")
  (net 40 "Net-(U5-Pad11)")
  (net 41 "Net-(U5-Pad10)")
  (net 42 /BatOVInterrupt)
  (net 43 "Net-(U5-Pad8)")
  (net 44 "Net-(U5-Pad6)")
  (net 45 +5V)
  (net 46 "Net-(U5-Pad4)")
  (net 47 "Net-(U5-Pad2)")
  (net 48 "Net-(U4-Pad9)")
  (net 49 "Net-(U4-Pad8)")
  (net 50 "Net-(U4-Pad7)")
  (net 51 "Net-(U4-Pad6)")
  (net 52 "Net-(C10-Pad1)")
  (net 53 "Net-(D1-Pad1)")
  (net 54 /HS)
  (net 55 /HG)
  (net 56 /LG)
  (net 57 "Net-(Cs15-Pad1)")
  (net 58 "Net-(Cs14-Pad2)")
  (net 59 "Net-(Cs13-Pad2)")
  (net 60 "Net-(Cs12-Pad1)")
  (net 61 /Vb_sen-)

  (net_class Default "Esta é a classe de net padrão."
    (clearance 0.295)
    (trace_width 0.508)
    (via_dia 0.9)
    (via_drill 0.7)
    (uvia_dia 0.3)
    (uvia_drill 0.1)
    (diff_pair_gap 0.304)
    (diff_pair_width 0.508)
    (add_net +12V)
    (add_net +5V)
    (add_net +5VA)
    (add_net /+18V_OUT)
    (add_net /BatOVInterrupt)
    (add_net /HG)
    (add_net /HS)
    (add_net /INA240_OUT)
    (add_net /Ipanel_adc+)
    (add_net /LG)
    (add_net /PWM)
    (add_net /Vb_sen+)
    (add_net /Vb_sen-)
    (add_net /Vbat_adc+)
    (add_net /Vp_sen+)
    (add_net /Vp_sen-)
    (add_net /Vpanel_adc+)
    (add_net GND)
    (add_net GNDA)
    (add_net "Net-(C10-Pad1)")
    (add_net "Net-(D1-Pad1)")
    (add_net "Net-(U4-Pad6)")
    (add_net "Net-(U4-Pad7)")
    (add_net "Net-(U4-Pad8)")
    (add_net "Net-(U4-Pad9)")
    (add_net "Net-(U5-Pad10)")
    (add_net "Net-(U5-Pad11)")
    (add_net "Net-(U5-Pad12)")
    (add_net "Net-(U5-Pad13)")
    (add_net "Net-(U5-Pad14)")
    (add_net "Net-(U5-Pad16)")
    (add_net "Net-(U5-Pad17)")
    (add_net "Net-(U5-Pad19)")
    (add_net "Net-(U5-Pad2)")
    (add_net "Net-(U5-Pad20)")
    (add_net "Net-(U5-Pad21)")
    (add_net "Net-(U5-Pad22)")
    (add_net "Net-(U5-Pad23)")
    (add_net "Net-(U5-Pad24)")
    (add_net "Net-(U5-Pad25)")
    (add_net "Net-(U5-Pad26)")
    (add_net "Net-(U5-Pad27)")
    (add_net "Net-(U5-Pad28)")
    (add_net "Net-(U5-Pad29)")
    (add_net "Net-(U5-Pad30)")
    (add_net "Net-(U5-Pad34)")
    (add_net "Net-(U5-Pad35)")
    (add_net "Net-(U5-Pad36)")
    (add_net "Net-(U5-Pad4)")
    (add_net "Net-(U5-Pad6)")
    (add_net "Net-(U5-Pad8)")
  )

  (net_class "High Voltage" ""
    (clearance 1.27)
    (trace_width 0.508)
    (via_dia 0.9)
    (via_drill 0.7)
    (uvia_dia 0.3)
    (uvia_drill 0.1)
    (diff_pair_gap 0.3048)
    (diff_pair_width 0.508)
    (add_net /+B)
    (add_net /+Vp)
    (add_net /-B)
    (add_net /-Vp)
    (add_net /Rs-)
    (add_net "Net-(Cs12-Pad1)")
    (add_net "Net-(Cs13-Pad2)")
    (add_net "Net-(Cs14-Pad2)")
    (add_net "Net-(Cs15-Pad1)")
    (add_net "Net-(F1-Pad2)")
  )

  (module MCCplaca:Signals (layer F.Cu) (tedit 5B0427B2) (tstamp 5B9EB89C)
    (at 113.792 124.968 90)
    (path /5B191CBF)
    (fp_text reference U4 (at 0 0.5 90) (layer F.SilkS)
      (effects (font (size 1 1) (thickness 0.15)))
    )
    (fp_text value Signals_MCC (at 0 -0.5 90) (layer F.Fab)
      (effects (font (size 1 1) (thickness 0.15)))
    )
    (fp_line (start 11.43 11.43) (end 11.43 13.97) (layer F.SilkS) (width 0.15))
    (fp_line (start 11.43 13.97) (end 24.13 13.97) (layer F.SilkS) (width 0.15))
    (fp_line (start 24.13 13.97) (end 24.13 11.684) (layer F.SilkS) (width 0.15))
    (fp_line (start 24.13 11.684) (end 24.13 11.43) (layer F.SilkS) (width 0.15))
    (fp_line (start 24.13 11.43) (end 11.43 11.43) (layer F.SilkS) (width 0.15))
    (fp_line (start 10.16 11.43) (end 10.16 13.97) (layer F.SilkS) (width 0.15))
    (fp_line (start 10.16 13.97) (end 0 13.97) (layer F.SilkS) (width 0.15))
    (fp_line (start 0 13.97) (end 0 11.43) (layer F.SilkS) (width 0.15))
    (fp_line (start 0 11.43) (end 10.16 11.43) (layer F.SilkS) (width 0.15))
    (fp_line (start 25.654 11.43) (end 25.4 11.43) (layer F.SilkS) (width 0.15))
    (fp_line (start 25.4 11.43) (end 25.4 13.97) (layer F.SilkS) (width 0.15))
    (fp_line (start 25.4 13.97) (end 35.56 13.97) (layer F.SilkS) (width 0.15))
    (fp_line (start 35.56 13.97) (end 35.56 11.43) (layer F.SilkS) (width 0.15))
    (fp_line (start 35.56 11.43) (end 25.4 11.43) (layer F.SilkS) (width 0.15))
    (fp_line (start 36.83 11.43) (end 36.83 13.97) (layer F.SilkS) (width 0.15))
    (fp_line (start 36.83 13.97) (end 46.99 13.97) (layer F.SilkS) (width 0.15))
    (fp_line (start 46.99 13.97) (end 46.99 11.43) (layer F.SilkS) (width 0.15))
    (fp_line (start 46.99 11.43) (end 36.83 11.43) (layer F.SilkS) (width 0.15))
    (pad 16 thru_hole circle (at 43.18 12.7 90) (size 1.524 1.524) (drill 0.762) (layers *.Cu *.Mask)
      (net 15 GNDA))
    (pad 15 thru_hole circle (at 40.64 12.7 90) (size 1.524 1.524) (drill 0.762) (layers *.Cu *.Mask)
      (net 36 /PWM))
    (pad 14 thru_hole circle (at 38.1 12.7 90) (size 1.524 1.524) (drill 0.762) (layers *.Cu *.Mask)
      (net 42 /BatOVInterrupt))
    (pad 13 thru_hole circle (at 34.29 12.7 90) (size 1.524 1.524) (drill 0.762) (layers *.Cu *.Mask)
      (net 6 /Vbat_adc+))
    (pad 12 thru_hole circle (at 31.75 12.7 90) (size 1.524 1.524) (drill 0.762) (layers *.Cu *.Mask)
      (net 15 GNDA))
    (pad 11 thru_hole circle (at 29.21 12.7 90) (size 1.524 1.524) (drill 0.762) (layers *.Cu *.Mask)
      (net 61 /Vb_sen-))
    (pad 10 thru_hole circle (at 26.67 12.7 90) (size 1.524 1.524) (drill 0.762) (layers *.Cu *.Mask)
      (net 1 /Vb_sen+))
    (pad 9 thru_hole circle (at 22.86 12.7 90) (size 1.524 1.524) (drill 0.762) (layers *.Cu *.Mask)
      (net 48 "Net-(U4-Pad9)"))
    (pad 8 thru_hole circle (at 20.32 12.7 90) (size 1.524 1.524) (drill 0.762) (layers *.Cu *.Mask)
      (net 49 "Net-(U4-Pad8)"))
    (pad 7 thru_hole circle (at 17.78 12.7 90) (size 1.524 1.524) (drill 0.762) (layers *.Cu *.Mask)
      (net 50 "Net-(U4-Pad7)"))
    (pad 6 thru_hole circle (at 15.24 12.7 90) (size 1.524 1.524) (drill 0.762) (layers *.Cu *.Mask)
      (net 51 "Net-(U4-Pad6)"))
    (pad 5 thru_hole circle (at 12.7 12.7 90) (size 1.524 1.524) (drill 0.762) (layers *.Cu *.Mask)
      (net 15 GNDA))
    (pad 4 thru_hole circle (at 8.89 12.7 90) (size 1.524 1.524) (drill 0.762) (layers *.Cu *.Mask)
      (net 8 /Vpanel_adc+))
    (pad 3 thru_hole circle (at 6.35 12.7 90) (size 1.524 1.524) (drill 0.762) (layers *.Cu *.Mask)
      (net 15 GNDA))
    (pad 2 thru_hole circle (at 3.81 12.7 90) (size 1.524 1.524) (drill 0.762) (layers *.Cu *.Mask)
      (net 5 /Vp_sen+))
    (pad 1 thru_hole circle (at 1.27 12.7 90) (size 1.524 1.524) (drill 0.762) (layers *.Cu *.Mask)
      (net 3 /Vp_sen-))
    (pad 17 thru_hole circle (at 45.72 12.7 90) (size 1.524 1.524) (drill 0.762) (layers *.Cu *.Mask)
      (net 17 +5VA))
  )

  (module Jumper:SolderJumper-2_P1.3mm_Open_Pad1.0x1.5mm (layer B.Cu) (tedit 5B7E3381) (tstamp 5B811CDD)
    (at 188.468 69.23 270)
    (descr "SMD Solder Jumper, 1x1.5mm Pads, 0.3mm gap, open")
    (tags "solder jumper open")
    (path /5B9A94C7)
    (attr virtual)
    (fp_text reference JP4 (at 0 1.8 270) (layer B.SilkS)
      (effects (font (size 1 1) (thickness 0.15)) (justify mirror))
    )
    (fp_text value VBat-Sen (at 0 -1.9 270) (layer B.Fab)
      (effects (font (size 1 1) (thickness 0.15)) (justify mirror))
    )
    (fp_line (start -1.4 -1) (end -1.4 1) (layer B.SilkS) (width 0.12))
    (fp_line (start 1.4 -1) (end -1.4 -1) (layer B.SilkS) (width 0.12))
    (fp_line (start 1.4 1) (end 1.4 -1) (layer B.SilkS) (width 0.12))
    (fp_line (start -1.4 1) (end 1.4 1) (layer B.SilkS) (width 0.12))
    (fp_line (start -1.65 1.25) (end 1.65 1.25) (layer B.CrtYd) (width 0.05))
    (fp_line (start -1.65 1.25) (end -1.65 -1.25) (layer B.CrtYd) (width 0.05))
    (fp_line (start 1.65 -1.25) (end 1.65 1.25) (layer B.CrtYd) (width 0.05))
    (fp_line (start 1.65 -1.25) (end -1.65 -1.25) (layer B.CrtYd) (width 0.05))
    (pad 2 smd rect (at 0.65 0 270) (size 1 1.5) (layers B.Cu B.Mask)
      (net 2 /-B) (clearance 0.0001))
    (pad 1 smd rect (at -0.65 0 270) (size 1 1.5) (layers B.Cu B.Mask)
      (net 61 /Vb_sen-) (solder_mask_margin 0.000001) (clearance 0.00001))
  )

  (module Capacitor_SMD:C_0805_2012Metric_Pad1.15x1.40mm_HandSolder (layer B.Cu) (tedit 5B36C52B) (tstamp 5B9EBC36)
    (at 190.5 138.176 270)
    (descr "Capacitor SMD 0805 (2012 Metric), square (rectangular) end terminal, IPC_7351 nominal with elongated pad for handsoldering. (Body size source: https://docs.google.com/spreadsheets/d/1BsfQQcO9C6DZCsRaXUlFlo91Tg2WpOkGARC1WS5S8t0/edit?usp=sharing), generated with kicad-footprint-generator")
    (tags "capacitor handsolder")
    (path /5B293676)
    (attr smd)
    (fp_text reference C17 (at 0 1.65 270) (layer B.SilkS)
      (effects (font (size 1 1) (thickness 0.15)) (justify mirror))
    )
    (fp_text value 100nF (at 0 -1.65 270) (layer B.Fab)
      (effects (font (size 1 1) (thickness 0.15)) (justify mirror))
    )
    (fp_text user %R (at 0 0 270) (layer B.Fab)
      (effects (font (size 0.5 0.5) (thickness 0.08)) (justify mirror))
    )
    (fp_line (start 1.85 -0.95) (end -1.85 -0.95) (layer B.CrtYd) (width 0.05))
    (fp_line (start 1.85 0.95) (end 1.85 -0.95) (layer B.CrtYd) (width 0.05))
    (fp_line (start -1.85 0.95) (end 1.85 0.95) (layer B.CrtYd) (width 0.05))
    (fp_line (start -1.85 -0.95) (end -1.85 0.95) (layer B.CrtYd) (width 0.05))
    (fp_line (start -0.261252 -0.71) (end 0.261252 -0.71) (layer B.SilkS) (width 0.12))
    (fp_line (start -0.261252 0.71) (end 0.261252 0.71) (layer B.SilkS) (width 0.12))
    (fp_line (start 1 -0.6) (end -1 -0.6) (layer B.Fab) (width 0.1))
    (fp_line (start 1 0.6) (end 1 -0.6) (layer B.Fab) (width 0.1))
    (fp_line (start -1 0.6) (end 1 0.6) (layer B.Fab) (width 0.1))
    (fp_line (start -1 -0.6) (end -1 0.6) (layer B.Fab) (width 0.1))
    (pad 2 smd roundrect (at 1.025 0 270) (size 1.15 1.4) (layers B.Cu B.Paste B.Mask) (roundrect_rratio 0.217391)
      (net 12 GND))
    (pad 1 smd roundrect (at -1.025 0 270) (size 1.15 1.4) (layers B.Cu B.Paste B.Mask) (roundrect_rratio 0.217391)
      (net 45 +5V))
    (model ${KISYS3DMOD}/Capacitor_SMD.3dshapes/C_0805_2012Metric.wrl
      (at (xyz 0 0 0))
      (scale (xyz 1 1 1))
      (rotate (xyz 0 0 0))
    )
  )

  (module Capacitor_SMD:C_0805_2012Metric_Pad1.15x1.40mm_HandSolder (layer B.Cu) (tedit 5B36C52B) (tstamp 5B9EBC25)
    (at 192.532 138.176 270)
    (descr "Capacitor SMD 0805 (2012 Metric), square (rectangular) end terminal, IPC_7351 nominal with elongated pad for handsoldering. (Body size source: https://docs.google.com/spreadsheets/d/1BsfQQcO9C6DZCsRaXUlFlo91Tg2WpOkGARC1WS5S8t0/edit?usp=sharing), generated with kicad-footprint-generator")
    (tags "capacitor handsolder")
    (path /5B293655)
    (attr smd)
    (fp_text reference C16 (at 0 1.65 270) (layer B.SilkS)
      (effects (font (size 1 1) (thickness 0.15)) (justify mirror))
    )
    (fp_text value 100nF (at 0 -1.65 270) (layer B.Fab)
      (effects (font (size 1 1) (thickness 0.15)) (justify mirror))
    )
    (fp_line (start -1 -0.6) (end -1 0.6) (layer B.Fab) (width 0.1))
    (fp_line (start -1 0.6) (end 1 0.6) (layer B.Fab) (width 0.1))
    (fp_line (start 1 0.6) (end 1 -0.6) (layer B.Fab) (width 0.1))
    (fp_line (start 1 -0.6) (end -1 -0.6) (layer B.Fab) (width 0.1))
    (fp_line (start -0.261252 0.71) (end 0.261252 0.71) (layer B.SilkS) (width 0.12))
    (fp_line (start -0.261252 -0.71) (end 0.261252 -0.71) (layer B.SilkS) (width 0.12))
    (fp_line (start -1.85 -0.95) (end -1.85 0.95) (layer B.CrtYd) (width 0.05))
    (fp_line (start -1.85 0.95) (end 1.85 0.95) (layer B.CrtYd) (width 0.05))
    (fp_line (start 1.85 0.95) (end 1.85 -0.95) (layer B.CrtYd) (width 0.05))
    (fp_line (start 1.85 -0.95) (end -1.85 -0.95) (layer B.CrtYd) (width 0.05))
    (fp_text user %R (at 0 0 270) (layer B.Fab)
      (effects (font (size 0.5 0.5) (thickness 0.08)) (justify mirror))
    )
    (pad 1 smd roundrect (at -1.025 0 270) (size 1.15 1.4) (layers B.Cu B.Paste B.Mask) (roundrect_rratio 0.217391)
      (net 17 +5VA))
    (pad 2 smd roundrect (at 1.025 0 270) (size 1.15 1.4) (layers B.Cu B.Paste B.Mask) (roundrect_rratio 0.217391)
      (net 12 GND))
    (model ${KISYS3DMOD}/Capacitor_SMD.3dshapes/C_0805_2012Metric.wrl
      (at (xyz 0 0 0))
      (scale (xyz 1 1 1))
      (rotate (xyz 0 0 0))
    )
  )

  (module Inductor_SMD:L_0805_2012Metric_Pad1.15x1.40mm_HandSolder (layer B.Cu) (tedit 5B36C52B) (tstamp 5B9EB926)
    (at 191.516 135.128 180)
    (descr "Capacitor SMD 0805 (2012 Metric), square (rectangular) end terminal, IPC_7351 nominal with elongated pad for handsoldering. (Body size source: https://docs.google.com/spreadsheets/d/1BsfQQcO9C6DZCsRaXUlFlo91Tg2WpOkGARC1WS5S8t0/edit?usp=sharing), generated with kicad-footprint-generator")
    (tags "inductor handsolder")
    (path /5B293670)
    (attr smd)
    (fp_text reference L1 (at 0 1.65 180) (layer B.SilkS)
      (effects (font (size 1 1) (thickness 0.15)) (justify mirror))
    )
    (fp_text value L_Small (at 0 -1.65 180) (layer B.Fab)
      (effects (font (size 1 1) (thickness 0.15)) (justify mirror))
    )
    (fp_line (start -1 -0.6) (end -1 0.6) (layer B.Fab) (width 0.1))
    (fp_line (start -1 0.6) (end 1 0.6) (layer B.Fab) (width 0.1))
    (fp_line (start 1 0.6) (end 1 -0.6) (layer B.Fab) (width 0.1))
    (fp_line (start 1 -0.6) (end -1 -0.6) (layer B.Fab) (width 0.1))
    (fp_line (start -0.261252 0.71) (end 0.261252 0.71) (layer B.SilkS) (width 0.12))
    (fp_line (start -0.261252 -0.71) (end 0.261252 -0.71) (layer B.SilkS) (width 0.12))
    (fp_line (start -1.85 -0.95) (end -1.85 0.95) (layer B.CrtYd) (width 0.05))
    (fp_line (start -1.85 0.95) (end 1.85 0.95) (layer B.CrtYd) (width 0.05))
    (fp_line (start 1.85 0.95) (end 1.85 -0.95) (layer B.CrtYd) (width 0.05))
    (fp_line (start 1.85 -0.95) (end -1.85 -0.95) (layer B.CrtYd) (width 0.05))
    (fp_text user %R (at 0 0 180) (layer B.Fab)
      (effects (font (size 0.5 0.5) (thickness 0.08)) (justify mirror))
    )
    (pad 1 smd roundrect (at -1.025 0 180) (size 1.15 1.4) (layers B.Cu B.Paste B.Mask) (roundrect_rratio 0.217391)
      (net 17 +5VA))
    (pad 2 smd roundrect (at 1.025 0 180) (size 1.15 1.4) (layers B.Cu B.Paste B.Mask) (roundrect_rratio 0.217391)
      (net 45 +5V))
    (model ${KISYS3DMOD}/Inductor_SMD.3dshapes/L_0805_2012Metric.wrl
      (at (xyz 0 0 0))
      (scale (xyz 1 1 1))
      (rotate (xyz 0 0 0))
    )
  )

  (module MCCplaca:TO-220-3_Horizontal_TabDown_SMD (layer B.Cu) (tedit 5B7DF810) (tstamp 5B7F92BC)
    (at 189.992 120.396 90)
    (descr "TO-220-3, Horizontal, RM 2.54mm, see https://www.vishay.com/docs/66542/to-220-1.pdf")
    (tags "TO-220-3 Horizontal RM 2.54mm")
    (path /5B109C61)
    (fp_text reference U3 (at 2.54 20.58 90) (layer B.SilkS)
      (effects (font (size 1 1) (thickness 0.15)) (justify mirror))
    )
    (fp_text value LM7812_TO220 (at 2.54 -2 90) (layer B.Fab)
      (effects (font (size 1 1) (thickness 0.15)) (justify mirror))
    )
    (fp_text user %R (at 2.54 20.58 90) (layer B.Fab)
      (effects (font (size 1 1) (thickness 0.15)) (justify mirror))
    )
    (fp_line (start 7.79 19.71) (end -2.71 19.71) (layer B.CrtYd) (width 0.05))
    (fp_line (start 7.79 -1.25) (end 7.79 19.71) (layer B.CrtYd) (width 0.05))
    (fp_line (start -2.71 -1.25) (end 7.79 -1.25) (layer B.CrtYd) (width 0.05))
    (fp_line (start -2.71 19.71) (end -2.71 -1.25) (layer B.CrtYd) (width 0.05))
    (fp_line (start 5.08 3.69) (end 5.08 1.15) (layer B.SilkS) (width 0.12))
    (fp_line (start 2.54 3.69) (end 2.54 1.15) (layer B.SilkS) (width 0.12))
    (fp_line (start 0 3.69) (end 0 1.15) (layer B.SilkS) (width 0.12))
    (fp_line (start 7.66 19.58) (end 7.66 3.69) (layer B.SilkS) (width 0.12))
    (fp_line (start -2.58 19.58) (end -2.58 3.69) (layer B.SilkS) (width 0.12))
    (fp_line (start -2.58 19.58) (end 7.66 19.58) (layer B.SilkS) (width 0.12))
    (fp_line (start -2.58 3.69) (end 7.66 3.69) (layer B.SilkS) (width 0.12))
    (fp_line (start 5.08 3.81) (end 5.08 0) (layer B.Fab) (width 0.1))
    (fp_line (start 2.54 3.81) (end 2.54 0) (layer B.Fab) (width 0.1))
    (fp_line (start 0 3.81) (end 0 0) (layer B.Fab) (width 0.1))
    (fp_line (start 7.54 3.81) (end -2.46 3.81) (layer B.Fab) (width 0.1))
    (fp_line (start 7.54 13.06) (end 7.54 3.81) (layer B.Fab) (width 0.1))
    (fp_line (start -2.46 13.06) (end 7.54 13.06) (layer B.Fab) (width 0.1))
    (fp_line (start -2.46 3.81) (end -2.46 13.06) (layer B.Fab) (width 0.1))
    (fp_line (start 7.54 13.06) (end -2.46 13.06) (layer B.Fab) (width 0.1))
    (fp_line (start 7.54 19.46) (end 7.54 13.06) (layer B.Fab) (width 0.1))
    (fp_line (start -2.46 19.46) (end 7.54 19.46) (layer B.Fab) (width 0.1))
    (fp_line (start -2.46 13.06) (end -2.46 19.46) (layer B.Fab) (width 0.1))
    (fp_circle (center 2.54 16.66) (end 4.39 16.66) (layer B.Fab) (width 0.1))
    (pad 3 smd rect (at 5.08 -1.27 90) (size 1.905 4) (layers B.Cu B.Paste B.Mask)
      (net 13 +12V))
    (pad 2 smd rect (at 2.54 -1.27 90) (size 1.905 4) (layers B.Cu B.Paste B.Mask)
      (net 12 GND))
    (pad 1 smd rect (at 0 -1.27 90) (size 1.905 4) (layers B.Cu B.Paste B.Mask)
      (net 11 /+18V_OUT))
    (pad "" smd rect (at 2.54 11.684 90) (size 10 16) (layers B.Cu B.Paste B.Mask))
    (model ${KISYS3DMOD}/Package_TO_SOT_THT.3dshapes/TO-220-3_Horizontal_TabDown.wrl
      (at (xyz 0 0 0))
      (scale (xyz 1 1 1))
      (rotate (xyz 0 0 0))
    )
  )

  (module Resistor_SMD:R_0805_2012Metric_Pad1.15x1.40mm_HandSolder (layer B.Cu) (tedit 5B36C52B) (tstamp 5B7E0741)
    (at 189.484 96.52 180)
    (descr "Resistor SMD 0805 (2012 Metric), square (rectangular) end terminal, IPC_7351 nominal with elongated pad for handsoldering. (Body size source: https://docs.google.com/spreadsheets/d/1BsfQQcO9C6DZCsRaXUlFlo91Tg2WpOkGARC1WS5S8t0/edit?usp=sharing), generated with kicad-footprint-generator")
    (tags "resistor handsolder")
    (path /5B7F82B4)
    (attr smd)
    (fp_text reference Rg2 (at 0 1.65 180) (layer B.SilkS)
      (effects (font (size 1 1) (thickness 0.15)) (justify mirror))
    )
    (fp_text value 10k (at 0 -1.65 180) (layer B.Fab)
      (effects (font (size 1 1) (thickness 0.15)) (justify mirror))
    )
    (fp_text user %R (at 0 0 180) (layer B.Fab)
      (effects (font (size 0.5 0.5) (thickness 0.08)) (justify mirror))
    )
    (fp_line (start 1.85 -0.95) (end -1.85 -0.95) (layer B.CrtYd) (width 0.05))
    (fp_line (start 1.85 0.95) (end 1.85 -0.95) (layer B.CrtYd) (width 0.05))
    (fp_line (start -1.85 0.95) (end 1.85 0.95) (layer B.CrtYd) (width 0.05))
    (fp_line (start -1.85 -0.95) (end -1.85 0.95) (layer B.CrtYd) (width 0.05))
    (fp_line (start -0.261252 -0.71) (end 0.261252 -0.71) (layer B.SilkS) (width 0.12))
    (fp_line (start -0.261252 0.71) (end 0.261252 0.71) (layer B.SilkS) (width 0.12))
    (fp_line (start 1 -0.6) (end -1 -0.6) (layer B.Fab) (width 0.1))
    (fp_line (start 1 0.6) (end 1 -0.6) (layer B.Fab) (width 0.1))
    (fp_line (start -1 0.6) (end 1 0.6) (layer B.Fab) (width 0.1))
    (fp_line (start -1 -0.6) (end -1 0.6) (layer B.Fab) (width 0.1))
    (pad 2 smd roundrect (at 1.025 0 180) (size 1.15 1.4) (layers B.Cu B.Paste B.Mask) (roundrect_rratio 0.217391)
      (net 2 /-B))
    (pad 1 smd roundrect (at -1.025 0 180) (size 1.15 1.4) (layers B.Cu B.Paste B.Mask) (roundrect_rratio 0.217391)
      (net 56 /LG))
    (model ${KISYS3DMOD}/Resistor_SMD.3dshapes/R_0805_2012Metric.wrl
      (at (xyz 0 0 0))
      (scale (xyz 1 1 1))
      (rotate (xyz 0 0 0))
    )
  )

  (module Resistor_SMD:R_0805_2012Metric_Pad1.15x1.40mm_HandSolder (layer B.Cu) (tedit 5B36C52B) (tstamp 5B7E0710)
    (at 187.96 107.188 90)
    (descr "Resistor SMD 0805 (2012 Metric), square (rectangular) end terminal, IPC_7351 nominal with elongated pad for handsoldering. (Body size source: https://docs.google.com/spreadsheets/d/1BsfQQcO9C6DZCsRaXUlFlo91Tg2WpOkGARC1WS5S8t0/edit?usp=sharing), generated with kicad-footprint-generator")
    (tags "resistor handsolder")
    (path /5B82B53F)
    (attr smd)
    (fp_text reference Rg1 (at 0 1.65 90) (layer B.SilkS)
      (effects (font (size 1 1) (thickness 0.15)) (justify mirror))
    )
    (fp_text value 10k (at 0 -1.65 90) (layer B.Fab)
      (effects (font (size 1 1) (thickness 0.15)) (justify mirror))
    )
    (fp_line (start -1 -0.6) (end -1 0.6) (layer B.Fab) (width 0.1))
    (fp_line (start -1 0.6) (end 1 0.6) (layer B.Fab) (width 0.1))
    (fp_line (start 1 0.6) (end 1 -0.6) (layer B.Fab) (width 0.1))
    (fp_line (start 1 -0.6) (end -1 -0.6) (layer B.Fab) (width 0.1))
    (fp_line (start -0.261252 0.71) (end 0.261252 0.71) (layer B.SilkS) (width 0.12))
    (fp_line (start -0.261252 -0.71) (end 0.261252 -0.71) (layer B.SilkS) (width 0.12))
    (fp_line (start -1.85 -0.95) (end -1.85 0.95) (layer B.CrtYd) (width 0.05))
    (fp_line (start -1.85 0.95) (end 1.85 0.95) (layer B.CrtYd) (width 0.05))
    (fp_line (start 1.85 0.95) (end 1.85 -0.95) (layer B.CrtYd) (width 0.05))
    (fp_line (start 1.85 -0.95) (end -1.85 -0.95) (layer B.CrtYd) (width 0.05))
    (fp_text user %R (at 0 0 90) (layer B.Fab)
      (effects (font (size 0.5 0.5) (thickness 0.08)) (justify mirror))
    )
    (pad 1 smd roundrect (at -1.025 0 90) (size 1.15 1.4) (layers B.Cu B.Paste B.Mask) (roundrect_rratio 0.217391)
      (net 55 /HG))
    (pad 2 smd roundrect (at 1.025 0 90) (size 1.15 1.4) (layers B.Cu B.Paste B.Mask) (roundrect_rratio 0.217391)
      (net 54 /HS))
    (model ${KISYS3DMOD}/Resistor_SMD.3dshapes/R_0805_2012Metric.wrl
      (at (xyz 0 0 0))
      (scale (xyz 1 1 1))
      (rotate (xyz 0 0 0))
    )
  )

  (module "MCCplaca:Driver_(INEP)_SMD" (layer B.Cu) (tedit 5B7CEF2B) (tstamp 5B7E7D86)
    (at 215.9 112.268 90)
    (path /5B0E871D)
    (fp_text reference U2 (at 0 -0.5 90) (layer B.SilkS)
      (effects (font (size 1 1) (thickness 0.15)) (justify mirror))
    )
    (fp_text value "DRIVER_(INEP)" (at 0 0.5 90) (layer B.Fab)
      (effects (font (size 1 1) (thickness 0.15)) (justify mirror))
    )
    (fp_line (start 0 0) (end 21.082 0) (layer B.SilkS) (width 0.15))
    (fp_line (start 0 0) (end 0 -35.052) (layer B.SilkS) (width 0.15))
    (fp_line (start 21.082 0) (end 21.082 -35.052) (layer B.SilkS) (width 0.15))
    (fp_line (start 0 -35.052) (end 21.082 -35.052) (layer B.SilkS) (width 0.15))
    (pad 5 smd rect (at 13.97 -35.56 270) (size 1.8 5) (layers B.Cu B.Paste B.Mask)
      (net 52 "Net-(C10-Pad1)"))
    (pad 6 smd rect (at 16.51 -35.56 270) (size 1.8 5) (layers B.Cu B.Paste B.Mask)
      (net 36 /PWM))
    (pad 4 smd rect (at 11.43 -35.56 270) (size 1.8 5) (layers B.Cu B.Paste B.Mask)
      (net 2 /-B))
    (pad 3 smd rect (at 8.89 -35.56 270) (size 1.8 5) (layers B.Cu B.Paste B.Mask)
      (net 56 /LG))
    (pad 7 smd rect (at 19.05 -35.56 270) (size 1.8 5) (layers B.Cu B.Paste B.Mask)
      (net 12 GND))
    (pad 1 smd rect (at 3.81 -35.56 270) (size 1.8 5) (layers B.Cu B.Paste B.Mask)
      (net 55 /HG))
    (pad 2 smd rect (at 6.35 -35.56 270) (size 1.8 5) (layers B.Cu B.Paste B.Mask)
      (net 54 /HS))
    (model ${KIPRJMOD}/MCC_bibliotecas/MCCplaca.pretty/3D/GateDriver_Final_V2.step
      (offset (xyz 1.269999980926514 -33.01999950408936 9.524999856948853))
      (scale (xyz 1 1 1))
      (rotate (xyz 0 0 90))
    )
  )

  (module Diode_SMD:D_MELF_Handsoldering (layer B.Cu) (tedit 5905D89D) (tstamp 5B9EB956)
    (at 200.66 80.772)
    (descr "Diode MELF Handsoldering")
    (tags "Diode MELF Handsoldering")
    (path /5B90FDA0)
    (attr smd)
    (fp_text reference Ds2 (at 0 2.25) (layer B.SilkS)
      (effects (font (size 1 1) (thickness 0.15)) (justify mirror))
    )
    (fp_text value BYD77 (at 0 -2.25) (layer B.Fab)
      (effects (font (size 1 1) (thickness 0.15)) (justify mirror))
    )
    (fp_line (start -5.4 -1.6) (end -5.4 1.6) (layer B.CrtYd) (width 0.05))
    (fp_line (start 5.4 -1.6) (end -5.4 -1.6) (layer B.CrtYd) (width 0.05))
    (fp_line (start 5.4 1.6) (end 5.4 -1.6) (layer B.CrtYd) (width 0.05))
    (fp_line (start -5.4 1.6) (end 5.4 1.6) (layer B.CrtYd) (width 0.05))
    (fp_line (start -0.64944 -0.00102) (end 0.50118 0.79908) (layer B.Fab) (width 0.1))
    (fp_line (start -0.64944 -0.00102) (end 0.50118 -0.75032) (layer B.Fab) (width 0.1))
    (fp_line (start 0.50118 -0.75032) (end 0.50118 0.79908) (layer B.Fab) (width 0.1))
    (fp_line (start -0.64944 0.79908) (end -0.64944 -0.80112) (layer B.Fab) (width 0.1))
    (fp_line (start 0.50118 -0.00102) (end 1.4994 -0.00102) (layer B.Fab) (width 0.1))
    (fp_line (start -0.64944 -0.00102) (end -1.55114 -0.00102) (layer B.Fab) (width 0.1))
    (fp_line (start 2.6 -1.3) (end 2.6 1.3) (layer B.Fab) (width 0.1))
    (fp_line (start -2.6 -1.3) (end 2.6 -1.3) (layer B.Fab) (width 0.1))
    (fp_line (start -2.6 1.3) (end -2.6 -1.3) (layer B.Fab) (width 0.1))
    (fp_line (start 2.6 1.3) (end -2.6 1.3) (layer B.Fab) (width 0.1))
    (fp_line (start -5.3 -1.5) (end 3.4 -1.5) (layer B.SilkS) (width 0.12))
    (fp_line (start -5.3 1.5) (end -5.3 -1.5) (layer B.SilkS) (width 0.12))
    (fp_line (start 3.4 1.5) (end -5.3 1.5) (layer B.SilkS) (width 0.12))
    (fp_text user %R (at 0 2.25) (layer B.Fab)
      (effects (font (size 1 1) (thickness 0.15)) (justify mirror))
    )
    (pad 2 smd rect (at 3.4 0) (size 3.5 2.7) (layers B.Cu B.Paste B.Mask)
      (net 54 /HS))
    (pad 1 smd rect (at -3.4 0) (size 3.5 2.7) (layers B.Cu B.Paste B.Mask)
      (net 59 "Net-(Cs13-Pad2)"))
    (model ${KISYS3DMOD}/Diode_SMD.3dshapes/D_MELF.wrl
      (at (xyz 0 0 0))
      (scale (xyz 1 1 1))
      (rotate (xyz 0 0 0))
    )
  )

  (module Capacitor_SMD:C_1206_3216Metric_Pad1.42x1.75mm_HandSolder (layer B.Cu) (tedit 5B301BBE) (tstamp 5B7E0E5D)
    (at 188.976 84.836 180)
    (descr "Capacitor SMD 1206 (3216 Metric), square (rectangular) end terminal, IPC_7351 nominal with elongated pad for handsoldering. (Body size source: http://www.tortai-tech.com/upload/download/2011102023233369053.pdf), generated with kicad-footprint-generator")
    (tags "capacitor handsolder")
    (path /5B89B76E)
    (attr smd)
    (fp_text reference Cs12 (at 0 1.82 180) (layer B.SilkS)
      (effects (font (size 1 1) (thickness 0.15)) (justify mirror))
    )
    (fp_text value 100nF (at 0 -1.82 180) (layer B.Fab)
      (effects (font (size 1 1) (thickness 0.15)) (justify mirror))
    )
    (fp_text user %R (at 0 0 180) (layer B.Fab)
      (effects (font (size 0.8 0.8) (thickness 0.12)) (justify mirror))
    )
    (fp_line (start 2.45 -1.12) (end -2.45 -1.12) (layer B.CrtYd) (width 0.05))
    (fp_line (start 2.45 1.12) (end 2.45 -1.12) (layer B.CrtYd) (width 0.05))
    (fp_line (start -2.45 1.12) (end 2.45 1.12) (layer B.CrtYd) (width 0.05))
    (fp_line (start -2.45 -1.12) (end -2.45 1.12) (layer B.CrtYd) (width 0.05))
    (fp_line (start -0.602064 -0.91) (end 0.602064 -0.91) (layer B.SilkS) (width 0.12))
    (fp_line (start -0.602064 0.91) (end 0.602064 0.91) (layer B.SilkS) (width 0.12))
    (fp_line (start 1.6 -0.8) (end -1.6 -0.8) (layer B.Fab) (width 0.1))
    (fp_line (start 1.6 0.8) (end 1.6 -0.8) (layer B.Fab) (width 0.1))
    (fp_line (start -1.6 0.8) (end 1.6 0.8) (layer B.Fab) (width 0.1))
    (fp_line (start -1.6 -0.8) (end -1.6 0.8) (layer B.Fab) (width 0.1))
    (pad 2 smd roundrect (at 1.4875 0 180) (size 1.425 1.75) (layers B.Cu B.Paste B.Mask) (roundrect_rratio 0.175439)
      (net 2 /-B))
    (pad 1 smd roundrect (at -1.4875 0 180) (size 1.425 1.75) (layers B.Cu B.Paste B.Mask) (roundrect_rratio 0.175439)
      (net 60 "Net-(Cs12-Pad1)"))
    (model ${KISYS3DMOD}/Capacitor_SMD.3dshapes/C_1206_3216Metric.wrl
      (at (xyz 0 0 0))
      (scale (xyz 1 1 1))
      (rotate (xyz 0 0 0))
    )
  )

  (module Capacitor_SMD:C_1206_3216Metric_Pad1.42x1.75mm_HandSolder (layer B.Cu) (tedit 5B301BBE) (tstamp 5B7E0D0C)
    (at 192.024 80.772)
    (descr "Capacitor SMD 1206 (3216 Metric), square (rectangular) end terminal, IPC_7351 nominal with elongated pad for handsoldering. (Body size source: http://www.tortai-tech.com/upload/download/2011102023233369053.pdf), generated with kicad-footprint-generator")
    (tags "capacitor handsolder")
    (path /5BB3C27C)
    (attr smd)
    (fp_text reference Cs13 (at 0 1.82) (layer B.SilkS)
      (effects (font (size 1 1) (thickness 0.15)) (justify mirror))
    )
    (fp_text value 100nF (at 0 -1.82) (layer B.Fab)
      (effects (font (size 1 1) (thickness 0.15)) (justify mirror))
    )
    (fp_line (start -1.6 -0.8) (end -1.6 0.8) (layer B.Fab) (width 0.1))
    (fp_line (start -1.6 0.8) (end 1.6 0.8) (layer B.Fab) (width 0.1))
    (fp_line (start 1.6 0.8) (end 1.6 -0.8) (layer B.Fab) (width 0.1))
    (fp_line (start 1.6 -0.8) (end -1.6 -0.8) (layer B.Fab) (width 0.1))
    (fp_line (start -0.602064 0.91) (end 0.602064 0.91) (layer B.SilkS) (width 0.12))
    (fp_line (start -0.602064 -0.91) (end 0.602064 -0.91) (layer B.SilkS) (width 0.12))
    (fp_line (start -2.45 -1.12) (end -2.45 1.12) (layer B.CrtYd) (width 0.05))
    (fp_line (start -2.45 1.12) (end 2.45 1.12) (layer B.CrtYd) (width 0.05))
    (fp_line (start 2.45 1.12) (end 2.45 -1.12) (layer B.CrtYd) (width 0.05))
    (fp_line (start 2.45 -1.12) (end -2.45 -1.12) (layer B.CrtYd) (width 0.05))
    (fp_text user %R (at 0 0) (layer B.Fab)
      (effects (font (size 0.8 0.8) (thickness 0.12)) (justify mirror))
    )
    (pad 1 smd roundrect (at -1.4875 0) (size 1.425 1.75) (layers B.Cu B.Paste B.Mask) (roundrect_rratio 0.175439)
      (net 2 /-B))
    (pad 2 smd roundrect (at 1.4875 0) (size 1.425 1.75) (layers B.Cu B.Paste B.Mask) (roundrect_rratio 0.175439)
      (net 59 "Net-(Cs13-Pad2)"))
    (model ${KISYS3DMOD}/Capacitor_SMD.3dshapes/C_1206_3216Metric.wrl
      (at (xyz 0 0 0))
      (scale (xyz 1 1 1))
      (rotate (xyz 0 0 0))
    )
  )

  (module Capacitor_SMD:C_1206_3216Metric_Pad1.42x1.75mm_HandSolder (layer B.Cu) (tedit 5B301BBE) (tstamp 5B7E0CFB)
    (at 205.232 91.44 270)
    (descr "Capacitor SMD 1206 (3216 Metric), square (rectangular) end terminal, IPC_7351 nominal with elongated pad for handsoldering. (Body size source: http://www.tortai-tech.com/upload/download/2011102023233369053.pdf), generated with kicad-footprint-generator")
    (tags "capacitor handsolder")
    (path /5B97E964)
    (attr smd)
    (fp_text reference Cs14 (at 0 1.82 270) (layer B.SilkS)
      (effects (font (size 1 1) (thickness 0.15)) (justify mirror))
    )
    (fp_text value 100nF (at 0 -1.82 270) (layer B.Fab)
      (effects (font (size 1 1) (thickness 0.15)) (justify mirror))
    )
    (fp_text user %R (at 0 0 270) (layer B.Fab)
      (effects (font (size 0.8 0.8) (thickness 0.12)) (justify mirror))
    )
    (fp_line (start 2.45 -1.12) (end -2.45 -1.12) (layer B.CrtYd) (width 0.05))
    (fp_line (start 2.45 1.12) (end 2.45 -1.12) (layer B.CrtYd) (width 0.05))
    (fp_line (start -2.45 1.12) (end 2.45 1.12) (layer B.CrtYd) (width 0.05))
    (fp_line (start -2.45 -1.12) (end -2.45 1.12) (layer B.CrtYd) (width 0.05))
    (fp_line (start -0.602064 -0.91) (end 0.602064 -0.91) (layer B.SilkS) (width 0.12))
    (fp_line (start -0.602064 0.91) (end 0.602064 0.91) (layer B.SilkS) (width 0.12))
    (fp_line (start 1.6 -0.8) (end -1.6 -0.8) (layer B.Fab) (width 0.1))
    (fp_line (start 1.6 0.8) (end 1.6 -0.8) (layer B.Fab) (width 0.1))
    (fp_line (start -1.6 0.8) (end 1.6 0.8) (layer B.Fab) (width 0.1))
    (fp_line (start -1.6 -0.8) (end -1.6 0.8) (layer B.Fab) (width 0.1))
    (pad 2 smd roundrect (at 1.4875 0 270) (size 1.425 1.75) (layers B.Cu B.Paste B.Mask) (roundrect_rratio 0.175439)
      (net 58 "Net-(Cs14-Pad2)"))
    (pad 1 smd roundrect (at -1.4875 0 270) (size 1.425 1.75) (layers B.Cu B.Paste B.Mask) (roundrect_rratio 0.175439)
      (net 54 /HS))
    (model ${KISYS3DMOD}/Capacitor_SMD.3dshapes/C_1206_3216Metric.wrl
      (at (xyz 0 0 0))
      (scale (xyz 1 1 1))
      (rotate (xyz 0 0 0))
    )
  )

  (module Capacitor_SMD:C_1206_3216Metric_Pad1.42x1.75mm_HandSolder (layer B.Cu) (tedit 5B301BBE) (tstamp 5B7E0CEA)
    (at 200.66 106.68 270)
    (descr "Capacitor SMD 1206 (3216 Metric), square (rectangular) end terminal, IPC_7351 nominal with elongated pad for handsoldering. (Body size source: http://www.tortai-tech.com/upload/download/2011102023233369053.pdf), generated with kicad-footprint-generator")
    (tags "capacitor handsolder")
    (path /5B89B65E)
    (attr smd)
    (fp_text reference Cs15 (at 0 1.82 270) (layer B.SilkS)
      (effects (font (size 1 1) (thickness 0.15)) (justify mirror))
    )
    (fp_text value 100nF (at 0 -1.82 270) (layer B.Fab)
      (effects (font (size 1 1) (thickness 0.15)) (justify mirror))
    )
    (fp_line (start -1.6 -0.8) (end -1.6 0.8) (layer B.Fab) (width 0.1))
    (fp_line (start -1.6 0.8) (end 1.6 0.8) (layer B.Fab) (width 0.1))
    (fp_line (start 1.6 0.8) (end 1.6 -0.8) (layer B.Fab) (width 0.1))
    (fp_line (start 1.6 -0.8) (end -1.6 -0.8) (layer B.Fab) (width 0.1))
    (fp_line (start -0.602064 0.91) (end 0.602064 0.91) (layer B.SilkS) (width 0.12))
    (fp_line (start -0.602064 -0.91) (end 0.602064 -0.91) (layer B.SilkS) (width 0.12))
    (fp_line (start -2.45 -1.12) (end -2.45 1.12) (layer B.CrtYd) (width 0.05))
    (fp_line (start -2.45 1.12) (end 2.45 1.12) (layer B.CrtYd) (width 0.05))
    (fp_line (start 2.45 1.12) (end 2.45 -1.12) (layer B.CrtYd) (width 0.05))
    (fp_line (start 2.45 -1.12) (end -2.45 -1.12) (layer B.CrtYd) (width 0.05))
    (fp_text user %R (at 0 0 270) (layer B.Fab)
      (effects (font (size 0.8 0.8) (thickness 0.12)) (justify mirror))
    )
    (pad 1 smd roundrect (at -1.4875 0 270) (size 1.425 1.75) (layers B.Cu B.Paste B.Mask) (roundrect_rratio 0.175439)
      (net 57 "Net-(Cs15-Pad1)"))
    (pad 2 smd roundrect (at 1.4875 0 270) (size 1.425 1.75) (layers B.Cu B.Paste B.Mask) (roundrect_rratio 0.175439)
      (net 4 /+Vp))
    (model ${KISYS3DMOD}/Capacitor_SMD.3dshapes/C_1206_3216Metric.wrl
      (at (xyz 0 0 0))
      (scale (xyz 1 1 1))
      (rotate (xyz 0 0 0))
    )
  )

  (module Resistor_SMD:R_2512_6332Metric_Pad1.52x3.35mm_HandSolder (layer B.Cu) (tedit 5B301BBD) (tstamp 5B7E06DF)
    (at 196.088 84.836 180)
    (descr "Resistor SMD 2512 (6332 Metric), square (rectangular) end terminal, IPC_7351 nominal with elongated pad for handsoldering. (Body size source: http://www.tortai-tech.com/upload/download/2011102023233369053.pdf), generated with kicad-footprint-generator")
    (tags "resistor handsolder")
    (path /5B89B82D)
    (attr smd)
    (fp_text reference Rs2 (at 0 2.62 180) (layer B.SilkS)
      (effects (font (size 1 1) (thickness 0.15)) (justify mirror))
    )
    (fp_text value 100 (at 0 -2.62 180) (layer B.Fab)
      (effects (font (size 1 1) (thickness 0.15)) (justify mirror))
    )
    (fp_text user %R (at 0 0 180) (layer B.Fab)
      (effects (font (size 1 1) (thickness 0.15)) (justify mirror))
    )
    (fp_line (start 4 -1.92) (end -4 -1.92) (layer B.CrtYd) (width 0.05))
    (fp_line (start 4 1.92) (end 4 -1.92) (layer B.CrtYd) (width 0.05))
    (fp_line (start -4 1.92) (end 4 1.92) (layer B.CrtYd) (width 0.05))
    (fp_line (start -4 -1.92) (end -4 1.92) (layer B.CrtYd) (width 0.05))
    (fp_line (start -2.052064 -1.71) (end 2.052064 -1.71) (layer B.SilkS) (width 0.12))
    (fp_line (start -2.052064 1.71) (end 2.052064 1.71) (layer B.SilkS) (width 0.12))
    (fp_line (start 3.15 -1.6) (end -3.15 -1.6) (layer B.Fab) (width 0.1))
    (fp_line (start 3.15 1.6) (end 3.15 -1.6) (layer B.Fab) (width 0.1))
    (fp_line (start -3.15 1.6) (end 3.15 1.6) (layer B.Fab) (width 0.1))
    (fp_line (start -3.15 -1.6) (end -3.15 1.6) (layer B.Fab) (width 0.1))
    (pad 2 smd roundrect (at 2.9875 0 180) (size 1.525 3.35) (layers B.Cu B.Paste B.Mask) (roundrect_rratio 0.163934)
      (net 60 "Net-(Cs12-Pad1)"))
    (pad 1 smd roundrect (at -2.9875 0 180) (size 1.525 3.35) (layers B.Cu B.Paste B.Mask) (roundrect_rratio 0.163934)
      (net 54 /HS))
    (model ${KISYS3DMOD}/Resistor_SMD.3dshapes/R_2512_6332Metric.wrl
      (at (xyz 0 0 0))
      (scale (xyz 1 1 1))
      (rotate (xyz 0 0 0))
    )
  )

  (module Resistor_SMD:R_2512_6332Metric_Pad1.52x3.35mm_HandSolder (layer B.Cu) (tedit 5B301BBD) (tstamp 5B7E06CE)
    (at 201.168 76.708)
    (descr "Resistor SMD 2512 (6332 Metric), square (rectangular) end terminal, IPC_7351 nominal with elongated pad for handsoldering. (Body size source: http://www.tortai-tech.com/upload/download/2011102023233369053.pdf), generated with kicad-footprint-generator")
    (tags "resistor handsolder")
    (path /5B95DB0B)
    (attr smd)
    (fp_text reference Rs3 (at 0 2.62) (layer B.SilkS)
      (effects (font (size 1 1) (thickness 0.15)) (justify mirror))
    )
    (fp_text value 100 (at 0 -2.62) (layer B.Fab)
      (effects (font (size 1 1) (thickness 0.15)) (justify mirror))
    )
    (fp_line (start -3.15 -1.6) (end -3.15 1.6) (layer B.Fab) (width 0.1))
