(kicad_pcb (version 20171130) (host pcbnew "(5.0.0-rc2-39-ga12b9db58)")

  (general
    (thickness 1.6)
    (drawings 9)
    (tracks 495)
    (zones 0)
    (modules 72)
    (nets 61)
  )

  (page A4)
  (layers
    (0 F.Cu signal)
    (31 B.Cu signal)
    (32 B.Adhes user)
    (33 F.Adhes user)
    (34 B.Paste user)
    (35 F.Paste user)
    (36 B.SilkS user)
    (37 F.SilkS user)
    (38 B.Mask user)
    (39 F.Mask user)
    (40 Dwgs.User user)
    (41 Cmts.User user)
    (42 Eco1.User user)
    (43 Eco2.User user)
    (44 Edge.Cuts user)
    (45 Margin user)
    (46 B.CrtYd user)
    (47 F.CrtYd user)
    (48 B.Fab user hide)
    (49 F.Fab user hide)
  )

  (setup
    (last_trace_width 3)
    (user_trace_width 0.508)
    (user_trace_width 0.8)
    (user_trace_width 1)
    (user_trace_width 3)
    (user_trace_width 5)
    (user_trace_width 6)
    (user_trace_width 9)
    (user_trace_width 12)
    (trace_clearance 0.3048)
    (zone_clearance 0.3048)
    (zone_45_only yes)
    (trace_min 0.508)
    (segment_width 0.2)
    (edge_width 0.15)
    (via_size 0.9)
    (via_drill 0.7)
    (via_min_size 0.7)
    (via_min_drill 0.6)
    (user_via 1.7 0.6)
    (user_via 1.8 0.7)
    (user_via 2 0.9)
    (user_via 3.1 2)
    (user_via 4.1 3)
    (uvia_size 0.3)
    (uvia_drill 0.1)
    (uvias_allowed no)
    (uvia_min_size 0.2)
    (uvia_min_drill 0.1)
    (pcb_text_width 0.3)
    (pcb_text_size 1.5 1.5)
    (mod_edge_width 0.15)
    (mod_text_size 1 1)
    (mod_text_width 0.15)
    (pad_size 1.5 5)
    (pad_drill 0)
    (pad_to_mask_clearance 0.2)
    (aux_axis_origin 72.136 40.64)
    (grid_origin 72.136 40.64)
    (visible_elements 7FFFF7FF)
    (pcbplotparams
      (layerselection 0x3ffff_ffffffff)
      (usegerberextensions false)
      (usegerberattributes false)
      (usegerberadvancedattributes false)
      (creategerberjobfile true)
      (excludeedgelayer true)
      (linewidth 0.100000)
      (plotframeref false)
      (viasonmask false)
      (mode 1)
      (useauxorigin false)
      (hpglpennumber 1)
      (hpglpenspeed 20)
      (hpglpendiameter 15.000000)
      (psnegative false)
      (psa4output false)
      (plotreference true)
      (plotvalue true)
      (plotinvisibletext false)
      (padsonsilk false)
      (subtractmaskfromsilk true)
      (outputformat 1)
      (mirror false)
      (drillshape 0)
      (scaleselection 1)
      (outputdirectory GERBERS))
  )

  (net 0 "")
  (net 1 "Net-(U1-Pad3)")
  (net 2 "Net-(U1-Pad10)")
  (net 3 +5V)
  (net 4 +12V)
  (net 5 "Net-(U5-Pad10)")
  (net 6 "Net-(U5-Pad11)")
  (net 7 "Net-(U5-Pad12)")
  (net 8 "Net-(U5-Pad13)")
  (net 9 "Net-(U5-Pad14)")
  (net 10 "Net-(U5-Pad16)")
  (net 11 "Net-(U5-Pad17)")
  (net 12 "Net-(U5-Pad19)")
  (net 13 "Net-(U5-Pad20)")
  (net 14 "Net-(U5-Pad21)")
  (net 15 "Net-(U5-Pad22)")
  (net 16 "Net-(U5-Pad23)")
  (net 17 "Net-(U5-Pad24)")
  (net 18 "Net-(U5-Pad25)")
  (net 19 "Net-(U5-Pad26)")
  (net 20 "Net-(U5-Pad27)")
  (net 21 "Net-(U5-Pad28)")
  (net 22 "Net-(U5-Pad29)")
  (net 23 "Net-(U5-Pad30)")
  (net 24 "Net-(U5-Pad34)")
  (net 25 "Net-(U5-Pad35)")
  (net 26 "Net-(U5-Pad36)")
  (net 27 GNDA)
  (net 28 +5VA)
  (net 29 "Net-(U2-Pad3)")
  (net 30 "Net-(Cs1-Pad1)")
  (net 31 "Net-(Cs2-Pad1)")
  (net 32 "Net-(Cs3-Pad1)")
  (net 33 "Net-(Cs4-Pad1)")
  (net 34 "Net-(C10-Pad1)")
  (net 35 "Net-(L1-Pad1)")
  (net 36 /-P_unfused)
  (net 37 /+Vp)
  (net 38 /-B)
  (net 39 /Source)
  (net 40 /Gate)
  (net 41 GND)
  (net 42 /+18V_OUT)
  (net 43 /Vbat_adc+)
  (net 44 /Vpanel_adc+)
  (net 45 /Ipanel_adc+)
  (net 46 /PWM)
  (net 47 /BatOVInterrupt)
  (net 48 /+B)
  (net 49 /-Vp)
  (net 50 "Net-(U5-Pad8)")
  (net 51 "Net-(U5-Pad6)")
  (net 52 "Net-(U5-Pad4)")
  (net 53 "Net-(U5-Pad2)")
  (net 54 /Vp_sen-)
  (net 55 /Vp_sen+)
  (net 56 /Vb_sen+)
  (net 57 /Vb_sen-)
  (net 58 /Ip_sen+)
  (net 59 /+Ip)
  (net 60 /Ip_sen-)

  (net_class Default "Esta es la clase de red por defecto."
    (clearance 0.3048)
    (trace_width 0.508)
    (via_dia 0.9)
    (via_drill 0.7)
    (uvia_dia 0.3)
    (uvia_drill 0.1)
    (diff_pair_gap 0.3048)
    (diff_pair_width 0.508)
    (add_net +12V)
    (add_net +5V)
    (add_net +5VA)
    (add_net /+18V_OUT)
    (add_net /+Ip)
    (add_net /BatOVInterrupt)
    (add_net /Gate)
    (add_net /Ip_sen+)
    (add_net /Ip_sen-)
    (add_net /Ipanel_adc+)
    (add_net /PWM)
    (add_net /Vb_sen+)
    (add_net /Vb_sen-)
    (add_net /Vbat_adc+)
    (add_net /Vp_sen+)
    (add_net /Vp_sen-)
    (add_net /Vpanel_adc+)
    (add_net GND)
    (add_net GNDA)
    (add_net "Net-(C10-Pad1)")
    (add_net "Net-(U2-Pad3)")
    (add_net "Net-(U5-Pad10)")
    (add_net "Net-(U5-Pad11)")
    (add_net "Net-(U5-Pad12)")
    (add_net "Net-(U5-Pad13)")
    (add_net "Net-(U5-Pad14)")
    (add_net "Net-(U5-Pad16)")
    (add_net "Net-(U5-Pad17)")
    (add_net "Net-(U5-Pad19)")
    (add_net "Net-(U5-Pad2)")
    (add_net "Net-(U5-Pad20)")
    (add_net "Net-(U5-Pad21)")
    (add_net "Net-(U5-Pad22)")
    (add_net "Net-(U5-Pad23)")
    (add_net "Net-(U5-Pad24)")
    (add_net "Net-(U5-Pad25)")
    (add_net "Net-(U5-Pad26)")
    (add_net "Net-(U5-Pad27)")
    (add_net "Net-(U5-Pad28)")
    (add_net "Net-(U5-Pad29)")
    (add_net "Net-(U5-Pad30)")
    (add_net "Net-(U5-Pad34)")
    (add_net "Net-(U5-Pad35)")
    (add_net "Net-(U5-Pad36)")
    (add_net "Net-(U5-Pad4)")
    (add_net "Net-(U5-Pad6)")
    (add_net "Net-(U5-Pad8)")
  )

  (net_class "Alta tensao" ""
    (clearance 1.27)
    (trace_width 0.508)
    (via_dia 0.9)
    (via_drill 0.7)
    (uvia_dia 0.3)
    (uvia_drill 0.1)
    (diff_pair_gap 1.27)
    (diff_pair_width 0.508)
    (add_net /+B)
    (add_net /+Vp)
    (add_net /-B)
    (add_net /-P_unfused)
    (add_net /-Vp)
    (add_net /Source)
    (add_net "Net-(Cs1-Pad1)")
    (add_net "Net-(Cs2-Pad1)")
    (add_net "Net-(Cs3-Pad1)")
    (add_net "Net-(Cs4-Pad1)")
    (add_net "Net-(L1-Pad1)")
    (add_net "Net-(U1-Pad10)")
    (add_net "Net-(U1-Pad3)")
  )

  (module Package_TO_SOT_THT:TO-220-3_Horizontal_TabDown (layer F.Cu) (tedit 5B0F273F) (tstamp 5B07305A)
    (at 177.419 121.793 180)
    (descr "TO-220-3, Horizontal, RM 2.54mm, see https://www.vishay.com/docs/66542/to-220-1.pdf")
    (tags "TO-220-3 Horizontal RM 2.54mm")
    (path /5B109C61)
    (fp_text reference U3 (at 2.54 -20.58 180) (layer F.SilkS)
      (effects (font (size 1 1) (thickness 0.15)))
    )
    (fp_text value LM7812_TO220 (at 2.54 2 180) (layer F.Fab)
      (effects (font (size 1 1) (thickness 0.15)))
    )
    (fp_text user %R (at 2.54 -20.58 180) (layer F.Fab)
      (effects (font (size 1 1) (thickness 0.15)))
    )
    (fp_line (start 7.79 -19.71) (end -2.71 -19.71) (layer F.CrtYd) (width 0.05))
    (fp_line (start 7.79 1.25) (end 7.79 -19.71) (layer F.CrtYd) (width 0.05))
    (fp_line (start -2.71 1.25) (end 7.79 1.25) (layer F.CrtYd) (width 0.05))
    (fp_line (start -2.71 -19.71) (end -2.71 1.25) (layer F.CrtYd) (width 0.05))
    (fp_line (start 5.08 -3.69) (end 5.08 -1.15) (layer F.SilkS) (width 0.12))
    (fp_line (start 2.54 -3.69) (end 2.54 -1.15) (layer F.SilkS) (width 0.12))
    (fp_line (start 0 -3.69) (end 0 -1.15) (layer F.SilkS) (width 0.12))
    (fp_line (start 7.66 -19.58) (end 7.66 -3.69) (layer F.SilkS) (width 0.12))
    (fp_line (start -2.58 -19.58) (end -2.58 -3.69) (layer F.SilkS) (width 0.12))
    (fp_line (start -2.58 -19.58) (end 7.66 -19.58) (layer F.SilkS) (width 0.12))
    (fp_line (start -2.58 -3.69) (end 7.66 -3.69) (layer F.SilkS) (width 0.12))
    (fp_line (start 5.08 -3.81) (end 5.08 0) (layer F.Fab) (width 0.1))
    (fp_line (start 2.54 -3.81) (end 2.54 0) (layer F.Fab) (width 0.1))
    (fp_line (start 0 -3.81) (end 0 0) (layer F.Fab) (width 0.1))
    (fp_line (start 7.54 -3.81) (end -2.46 -3.81) (layer F.Fab) (width 0.1))
    (fp_line (start 7.54 -13.06) (end 7.54 -3.81) (layer F.Fab) (width 0.1))
    (fp_line (start -2.46 -13.06) (end 7.54 -13.06) (layer F.Fab) (width 0.1))
    (fp_line (start -2.46 -3.81) (end -2.46 -13.06) (layer F.Fab) (width 0.1))
    (fp_line (start 7.54 -13.06) (end -2.46 -13.06) (layer F.Fab) (width 0.1))
    (fp_line (start 7.54 -19.46) (end 7.54 -13.06) (layer F.Fab) (width 0.1))
    (fp_line (start -2.46 -19.46) (end 7.54 -19.46) (layer F.Fab) (width 0.1))
    (fp_line (start -2.46 -13.06) (end -2.46 -19.46) (layer F.Fab) (width 0.1))
    (fp_circle (center 2.54 -16.66) (end 4.39 -16.66) (layer F.Fab) (width 0.1))
    (pad 3 thru_hole oval (at 5.08 0 180) (size 1.5 5) (drill 1.3) (layers *.Cu *.Mask)
      (net 4 +12V))
    (pad 2 thru_hole oval (at 2.54 0 180) (size 1.5 5) (drill 1.3) (layers *.Cu *.Mask)
      (net 41 GND))
    (pad 1 thru_hole oval (at 0 0 180) (size 1.5 5) (drill 1.3) (layers *.Cu *.Mask)
      (net 42 /+18V_OUT))
    (pad "" thru_hole circle (at 2.54 -16.66 180) (size 3 3) (drill 3) (layers *.Cu *.Mask))
    (model ${KISYS3DMOD}/Package_TO_SOT_THT.3dshapes/TO-220-3_Horizontal_TabDown.wrl
      (at (xyz 0 0 0))
      (scale (xyz 1 1 1))
      (rotate (xyz 0 0 0))
    )
  )

  (module Capacitor_SMD:C_1812_4532Metric_Pad1.38x3.40mm_HandSolder (layer B.Cu) (tedit 5AC5DB74) (tstamp 5B0FA765)
    (at 240.792 93.472 90)
    (descr "Capacitor SMD 1812 (4532 Metric), square (rectangular) end terminal, IPC_7351 nominal with elongated pad for handsoldering. (Body size source: https://www.nikhef.nl/pub/departments/mt/projects/detectorR_D/dtddice/ERJ2G.pdf), generated with kicad-footprint-generator")
    (tags "capacitor handsolder")
    (path /5B03D48A)
    (attr smd)
    (fp_text reference Co3 (at 0 2.65 90) (layer B.SilkS)
      (effects (font (size 1 1) (thickness 0.15)) (justify mirror))
    )
    (fp_text value 4.7uF (at 0 -2.65 90) (layer B.Fab)
      (effects (font (size 1 1) (thickness 0.15)) (justify mirror))
    )
    (fp_line (start -2.25 -1.6) (end -2.25 1.6) (layer B.Fab) (width 0.1))
    (fp_line (start -2.25 1.6) (end 2.25 1.6) (layer B.Fab) (width 0.1))
    (fp_line (start 2.25 1.6) (end 2.25 -1.6) (layer B.Fab) (width 0.1))
    (fp_line (start 2.25 -1.6) (end -2.25 -1.6) (layer B.Fab) (width 0.1))
    (fp_line (start -1.18 1.71) (end 1.18 1.71) (layer B.SilkS) (width 0.12))
    (fp_line (start -1.18 -1.71) (end 1.18 -1.71) (layer B.SilkS) (width 0.12))
    (fp_line (start -3.14 -1.95) (end -3.14 1.95) (layer B.CrtYd) (width 0.05))
    (fp_line (start -3.14 1.95) (end 3.14 1.95) (layer B.CrtYd) (width 0.05))
    (fp_line (start 3.14 1.95) (end 3.14 -1.95) (layer B.CrtYd) (width 0.05))
    (fp_line (start 3.14 -1.95) (end -3.14 -1.95) (layer B.CrtYd) (width 0.05))
    (fp_text user %R (at 0 0 90) (layer B.Fab)
      (effects (font (size 1 1) (thickness 0.15)) (justify mirror))
    )
    (pad 1 smd rect (at -2.1925 0 90) (size 1.385 3.4) (layers B.Cu B.Paste B.Mask))
    (pad 2 smd rect (at 2.1925 0 90) (size 1.385 3.4) (layers B.Cu B.Paste B.Mask))
    (model ${KISYS3DMOD}/Capacitor_SMD.3dshapes/C_1812_4532Metric.wrl
      (at (xyz 0 0 0))
      (scale (xyz 1 1 1))
      (rotate (xyz 0 0 0))
    )
  )

  (module Capacitor_SMD:C_1812_4532Metric_Pad1.38x3.40mm_HandSolder (layer B.Cu) (tedit 5AC5DB74) (tstamp 5B0FA716)
    (at 231.648 93.472 90)
    (descr "Capacitor SMD 1812 (4532 Metric), square (rectangular) end terminal, IPC_7351 nominal with elongated pad for handsoldering. (Body size source: https://www.nikhef.nl/pub/departments/mt/projects/detectorR_D/dtddice/ERJ2G.pdf), generated with kicad-footprint-generator")
    (tags "capacitor handsolder")
    (path /5B034774)
    (attr smd)
    (fp_text reference Co2 (at 0 2.65 90) (layer B.SilkS)
      (effects (font (size 1 1) (thickness 0.15)) (justify mirror))
    )
    (fp_text value 4.7uF (at 0 -2.65 90) (layer B.Fab)
      (effects (font (size 1 1) (thickness 0.15)) (justify mirror))
    )
    (fp_text user %R (at 0 0 90) (layer B.Fab)
      (effects (font (size 1 1) (thickness 0.15)) (justify mirror))
    )
    (fp_line (start 3.14 -1.95) (end -3.14 -1.95) (layer B.CrtYd) (width 0.05))
    (fp_line (start 3.14 1.95) (end 3.14 -1.95) (layer B.CrtYd) (width 0.05))
    (fp_line (start -3.14 1.95) (end 3.14 1.95) (layer B.CrtYd) (width 0.05))
    (fp_line (start -3.14 -1.95) (end -3.14 1.95) (layer B.CrtYd) (width 0.05))
    (fp_line (start -1.18 -1.71) (end 1.18 -1.71) (layer B.SilkS) (width 0.12))
    (fp_line (start -1.18 1.71) (end 1.18 1.71) (layer B.SilkS) (width 0.12))
    (fp_line (start 2.25 -1.6) (end -2.25 -1.6) (layer B.Fab) (width 0.1))
    (fp_line (start 2.25 1.6) (end 2.25 -1.6) (layer B.Fab) (width 0.1))
    (fp_line (start -2.25 1.6) (end 2.25 1.6) (layer B.Fab) (width 0.1))
    (fp_line (start -2.25 -1.6) (end -2.25 1.6) (layer B.Fab) (width 0.1))
    (pad 2 smd rect (at 2.1925 0 90) (size 1.385 3.4) (layers B.Cu B.Paste B.Mask))
    (pad 1 smd rect (at -2.1925 0 90) (size 1.385 3.4) (layers B.Cu B.Paste B.Mask))
    (model ${KISYS3DMOD}/Capacitor_SMD.3dshapes/C_1812_4532Metric.wrl
      (at (xyz 0 0 0))
      (scale (xyz 1 1 1))
      (rotate (xyz 0 0 0))
    )
  )

  (module Capacitor_SMD:C_1812_4532Metric_Pad1.38x3.40mm_HandSolder (layer B.Cu) (tedit 5AC5DB74) (tstamp 5B0FA706)
    (at 236.22 93.472 90)
    (descr "Capacitor SMD 1812 (4532 Metric), square (rectangular) end terminal, IPC_7351 nominal with elongated pad for handsoldering. (Body size source: https://www.nikhef.nl/pub/departments/mt/projects/detectorR_D/dtddice/ERJ2G.pdf), generated with kicad-footprint-generator")
    (tags "capacitor handsolder")
    (path /5B03D48A)
    (attr smd)
    (fp_text reference Co3 (at 0 2.65 90) (layer B.SilkS)
      (effects (font (size 1 1) (thickness 0.15)) (justify mirror))
    )
    (fp_text value 4.7uF (at 0 -2.65 90) (layer B.Fab)
      (effects (font (size 1 1) (thickness 0.15)) (justify mirror))
    )
    (fp_text user %R (at 0 0 90) (layer B.Fab)
      (effects (font (size 1 1) (thickness 0.15)) (justify mirror))
    )
    (fp_line (start 3.14 -1.95) (end -3.14 -1.95) (layer B.CrtYd) (width 0.05))
    (fp_line (start 3.14 1.95) (end 3.14 -1.95) (layer B.CrtYd) (width 0.05))
    (fp_line (start -3.14 1.95) (end 3.14 1.95) (layer B.CrtYd) (width 0.05))
    (fp_line (start -3.14 -1.95) (end -3.14 1.95) (layer B.CrtYd) (width 0.05))
    (fp_line (start -1.18 -1.71) (end 1.18 -1.71) (layer B.SilkS) (width 0.12))
    (fp_line (start -1.18 1.71) (end 1.18 1.71) (layer B.SilkS) (width 0.12))
    (fp_line (start 2.25 -1.6) (end -2.25 -1.6) (layer B.Fab) (width 0.1))
    (fp_line (start 2.25 1.6) (end 2.25 -1.6) (layer B.Fab) (width 0.1))
    (fp_line (start -2.25 1.6) (end 2.25 1.6) (layer B.Fab) (width 0.1))
    (fp_line (start -2.25 -1.6) (end -2.25 1.6) (layer B.Fab) (width 0.1))
    (pad 2 smd rect (at 2.1925 0 90) (size 1.385 3.4) (layers B.Cu B.Paste B.Mask))
    (pad 1 smd rect (at -2.1925 0 90) (size 1.385 3.4) (layers B.Cu B.Paste B.Mask))
    (model ${KISYS3DMOD}/Capacitor_SMD.3dshapes/C_1812_4532Metric.wrl
      (at (xyz 0 0 0))
      (scale (xyz 1 1 1))
      (rotate (xyz 0 0 0))
    )
  )

  (module Capacitor_SMD:C_1812_4532Metric_Pad1.38x3.40mm_HandSolder (layer B.Cu) (tedit 5AC5DB74) (tstamp 5B0FA6F4)
    (at 227.16937 93.488816 90)
    (descr "Capacitor SMD 1812 (4532 Metric), square (rectangular) end terminal, IPC_7351 nominal with elongated pad for handsoldering. (Body size source: https://www.nikhef.nl/pub/departments/mt/projects/detectorR_D/dtddice/ERJ2G.pdf), generated with kicad-footprint-generator")
    (tags "capacitor handsolder")
    (path /5B03D649)
    (attr smd)
    (fp_text reference Co1 (at 0 2.65 90) (layer B.SilkS)
      (effects (font (size 1 1) (thickness 0.15)) (justify mirror))
    )
    (fp_text value 4.7uF (at 0 -2.65 90) (layer B.Fab)
      (effects (font (size 1 1) (thickness 0.15)) (justify mirror))
    )
    (fp_text user %R (at 0 0 90) (layer B.Fab)
      (effects (font (size 1 1) (thickness 0.15)) (justify mirror))
    )
    (fp_line (start 3.14 -1.95) (end -3.14 -1.95) (layer B.CrtYd) (width 0.05))
    (fp_line (start 3.14 1.95) (end 3.14 -1.95) (layer B.CrtYd) (width 0.05))
    (fp_line (start -3.14 1.95) (end 3.14 1.95) (layer B.CrtYd) (width 0.05))
    (fp_line (start -3.14 -1.95) (end -3.14 1.95) (layer B.CrtYd) (width 0.05))
    (fp_line (start -1.18 -1.71) (end 1.18 -1.71) (layer B.SilkS) (width 0.12))
    (fp_line (start -1.18 1.71) (end 1.18 1.71) (layer B.SilkS) (width 0.12))
    (fp_line (start 2.25 -1.6) (end -2.25 -1.6) (layer B.Fab) (width 0.1))
    (fp_line (start 2.25 1.6) (end 2.25 -1.6) (layer B.Fab) (width 0.1))
    (fp_line (start -2.25 1.6) (end 2.25 1.6) (layer B.Fab) (width 0.1))
    (fp_line (start -2.25 -1.6) (end -2.25 1.6) (layer B.Fab) (width 0.1))
    (pad 2 smd rect (at 2.1925 0 90) (size 1.385 3.4) (layers B.Cu B.Paste B.Mask))
    (pad 1 smd rect (at -2.1925 0 90) (size 1.385 3.4) (layers B.Cu B.Paste B.Mask))
    (model ${KISYS3DMOD}/Capacitor_SMD.3dshapes/C_1812_4532Metric.wrl
      (at (xyz 0 0 0))
      (scale (xyz 1 1 1))
      (rotate (xyz 0 0 0))
    )
  )

  (module Capacitor_SMD:C_1812_4532Metric_Pad1.38x3.40mm_HandSolder (layer B.Cu) (tedit 5AC5DB74) (tstamp 5B0FA66D)
    (at 231.648 77.724 270)
    (descr "Capacitor SMD 1812 (4532 Metric), square (rectangular) end terminal, IPC_7351 nominal with elongated pad for handsoldering. (Body size source: https://www.nikhef.nl/pub/departments/mt/projects/detectorR_D/dtddice/ERJ2G.pdf), generated with kicad-footprint-generator")
    (tags "capacitor handsolder")
    (path /5B034644)
    (attr smd)
    (fp_text reference Ci1 (at 0 2.65 270) (layer B.SilkS)
      (effects (font (size 1 1) (thickness 0.15)) (justify mirror))
    )
    (fp_text value 4.7uF (at 0 -2.65 270) (layer B.Fab)
      (effects (font (size 1 1) (thickness 0.15)) (justify mirror))
    )
    (fp_line (start -2.25 -1.6) (end -2.25 1.6) (layer B.Fab) (width 0.1))
    (fp_line (start -2.25 1.6) (end 2.25 1.6) (layer B.Fab) (width 0.1))
    (fp_line (start 2.25 1.6) (end 2.25 -1.6) (layer B.Fab) (width 0.1))
    (fp_line (start 2.25 -1.6) (end -2.25 -1.6) (layer B.Fab) (width 0.1))
    (fp_line (start -1.18 1.71) (end 1.18 1.71) (layer B.SilkS) (width 0.12))
    (fp_line (start -1.18 -1.71) (end 1.18 -1.71) (layer B.SilkS) (width 0.12))
    (fp_line (start -3.14 -1.95) (end -3.14 1.95) (layer B.CrtYd) (width 0.05))
    (fp_line (start -3.14 1.95) (end 3.14 1.95) (layer B.CrtYd) (width 0.05))
    (fp_line (start 3.14 1.95) (end 3.14 -1.95) (layer B.CrtYd) (width 0.05))
    (fp_line (start 3.14 -1.95) (end -3.14 -1.95) (layer B.CrtYd) (width 0.05))
    (fp_text user %R (at 0 0 270) (layer B.Fab)
      (effects (font (size 1 1) (thickness 0.15)) (justify mirror))
    )
    (pad 1 smd rect (at -2.1925 0 270) (size 1.385 3.4) (layers B.Cu B.Paste B.Mask))
    (pad 2 smd rect (at 2.1925 0 270) (size 1.385 3.4) (layers B.Cu B.Paste B.Mask))
    (model ${KISYS3DMOD}/Capacitor_SMD.3dshapes/C_1812_4532Metric.wrl
      (at (xyz 0 0 0))
      (scale (xyz 1 1 1))
      (rotate (xyz 0 0 0))
    )
  )

  (module Capacitor_SMD:C_1812_4532Metric_Pad1.38x3.40mm_HandSolder (layer B.Cu) (tedit 5AC5DB74) (tstamp 5B0FA65D)
    (at 240.792 77.7305 270)
    (descr "Capacitor SMD 1812 (4532 Metric), square (rectangular) end terminal, IPC_7351 nominal with elongated pad for handsoldering. (Body size source: https://www.nikhef.nl/pub/departments/mt/projects/detectorR_D/dtddice/ERJ2G.pdf), generated with kicad-footprint-generator")
    (tags "capacitor handsolder")
    (path /5B02250C)
    (attr smd)
    (fp_text reference Ci3 (at 0 2.65 270) (layer B.SilkS)
      (effects (font (size 1 1) (thickness 0.15)) (justify mirror))
    )
    (fp_text value 4.7uF (at 0 -2.65 270) (layer B.Fab)
      (effects (font (size 1 1) (thickness 0.15)) (justify mirror))
    )
    (fp_line (start -2.25 -1.6) (end -2.25 1.6) (layer B.Fab) (width 0.1))
    (fp_line (start -2.25 1.6) (end 2.25 1.6) (layer B.Fab) (width 0.1))
    (fp_line (start 2.25 1.6) (end 2.25 -1.6) (layer B.Fab) (width 0.1))
    (fp_line (start 2.25 -1.6) (end -2.25 -1.6) (layer B.Fab) (width 0.1))
    (fp_line (start -1.18 1.71) (end 1.18 1.71) (layer B.SilkS) (width 0.12))
    (fp_line (start -1.18 -1.71) (end 1.18 -1.71) (layer B.SilkS) (width 0.12))
    (fp_line (start -3.14 -1.95) (end -3.14 1.95) (layer B.CrtYd) (width 0.05))
    (fp_line (start -3.14 1.95) (end 3.14 1.95) (layer B.CrtYd) (width 0.05))
    (fp_line (start 3.14 1.95) (end 3.14 -1.95) (layer B.CrtYd) (width 0.05))
    (fp_line (start 3.14 -1.95) (end -3.14 -1.95) (layer B.CrtYd) (width 0.05))
    (fp_text user %R (at 0 0 270) (layer B.Fab)
      (effects (font (size 1 1) (thickness 0.15)) (justify mirror))
    )
    (pad 1 smd rect (at -2.1925 0 270) (size 1.385 3.4) (layers B.Cu B.Paste B.Mask))
    (pad 2 smd rect (at 2.1925 0 270) (size 1.385 3.4) (layers B.Cu B.Paste B.Mask))
    (model ${KISYS3DMOD}/Capacitor_SMD.3dshapes/C_1812_4532Metric.wrl
      (at (xyz 0 0 0))
      (scale (xyz 1 1 1))
      (rotate (xyz 0 0 0))
    )
  )

  (module Capacitor_SMD:C_1812_4532Metric_Pad1.38x3.40mm_HandSolder (layer B.Cu) (tedit 5AC5DB74) (tstamp 5B0FA64B)
    (at 236.22 77.724 270)
    (descr "Capacitor SMD 1812 (4532 Metric), square (rectangular) end terminal, IPC_7351 nominal with elongated pad for handsoldering. (Body size source: https://www.nikhef.nl/pub/departments/mt/projects/detectorR_D/dtddice/ERJ2G.pdf), generated with kicad-footprint-generator")
    (tags "capacitor handsolder")
    (path /5B0345D8)
    (attr smd)
    (fp_text reference Ci2 (at 0 2.65 270) (layer B.SilkS)
      (effects (font (size 1 1) (thickness 0.15)) (justify mirror))
    )
    (fp_text value 4.7uF (at 0 -2.65 270) (layer B.Fab)
      (effects (font (size 1 1) (thickness 0.15)) (justify mirror))
    )
    (fp_line (start -2.25 -1.6) (end -2.25 1.6) (layer B.Fab) (width 0.1))
    (fp_line (start -2.25 1.6) (end 2.25 1.6) (layer B.Fab) (width 0.1))
    (fp_line (start 2.25 1.6) (end 2.25 -1.6) (layer B.Fab) (width 0.1))
    (fp_line (start 2.25 -1.6) (end -2.25 -1.6) (layer B.Fab) (width 0.1))
    (fp_line (start -1.18 1.71) (end 1.18 1.71) (layer B.SilkS) (width 0.12))
    (fp_line (start -1.18 -1.71) (end 1.18 -1.71) (layer B.SilkS) (width 0.12))
    (fp_line (start -3.14 -1.95) (end -3.14 1.95) (layer B.CrtYd) (width 0.05))
    (fp_line (start -3.14 1.95) (end 3.14 1.95) (layer B.CrtYd) (width 0.05))
    (fp_line (start 3.14 1.95) (end 3.14 -1.95) (layer B.CrtYd) (width 0.05))
    (fp_line (start 3.14 -1.95) (end -3.14 -1.95) (layer B.CrtYd) (width 0.05))
    (fp_text user %R (at 0 0 270) (layer B.Fab)
      (effects (font (size 1 1) (thickness 0.15)) (justify mirror))
    )
    (pad 1 smd rect (at -2.1925 0 270) (size 1.385 3.4) (layers B.Cu B.Paste B.Mask))
    (pad 2 smd rect (at 2.1925 0 270) (size 1.385 3.4) (layers B.Cu B.Paste B.Mask))
    (model ${KISYS3DMOD}/Capacitor_SMD.3dshapes/C_1812_4532Metric.wrl
      (at (xyz 0 0 0))
      (scale (xyz 1 1 1))
      (rotate (xyz 0 0 0))
    )
  )

  (module Capacitor_SMD:C_1812_4532Metric_Pad1.38x3.40mm_HandSolder (layer B.Cu) (tedit 5AC5DB74) (tstamp 5B0FA66D)
    (at 217.932 77.724 270)
    (descr "Capacitor SMD 1812 (4532 Metric), square (rectangular) end terminal, IPC_7351 nominal with elongated pad for handsoldering. (Body size source: https://www.nikhef.nl/pub/departments/mt/projects/detectorR_D/dtddice/ERJ2G.pdf), generated with kicad-footprint-generator")
    (tags "capacitor handsolder")
    (path /5B034644)
    (attr smd)
    (fp_text reference Ci1 (at 0 2.65 270) (layer B.SilkS)
      (effects (font (size 1 1) (thickness 0.15)) (justify mirror))
    )
    (fp_text value 4.7uF (at 0 -2.65 270) (layer B.Fab)
      (effects (font (size 1 1) (thickness 0.15)) (justify mirror))
    )
    (fp_line (start -2.25 -1.6) (end -2.25 1.6) (layer B.Fab) (width 0.1))
    (fp_line (start -2.25 1.6) (end 2.25 1.6) (layer B.Fab) (width 0.1))
    (fp_line (start 2.25 1.6) (end 2.25 -1.6) (layer B.Fab) (width 0.1))
    (fp_line (start 2.25 -1.6) (end -2.25 -1.6) (layer B.Fab) (width 0.1))
    (fp_line (start -1.18 1.71) (end 1.18 1.71) (layer B.SilkS) (width 0.12))
    (fp_line (start -1.18 -1.71) (end 1.18 -1.71) (layer B.SilkS) (width 0.12))
    (fp_line (start -3.14 -1.95) (end -3.14 1.95) (layer B.CrtYd) (width 0.05))
    (fp_line (start -3.14 1.95) (end 3.14 1.95) (layer B.CrtYd) (width 0.05))
    (fp_line (start 3.14 1.95) (end 3.14 -1.95) (layer B.CrtYd) (width 0.05))
    (fp_line (start 3.14 -1.95) (end -3.14 -1.95) (layer B.CrtYd) (width 0.05))
    (fp_text user %R (at 0 0 270) (layer B.Fab)
      (effects (font (size 1 1) (thickness 0.15)) (justify mirror))
    )
    (pad 1 smd rect (at -2.1925 0 270) (size 1.385 3.4) (layers B.Cu B.Paste B.Mask))
    (pad 2 smd rect (at 2.1925 0 270) (size 1.385 3.4) (layers B.Cu B.Paste B.Mask))
    (model ${KISYS3DMOD}/Capacitor_SMD.3dshapes/C_1812_4532Metric.wrl
      (at (xyz 0 0 0))
      (scale (xyz 1 1 1))
      (rotate (xyz 0 0 0))
    )
  )

  (module Capacitor_SMD:C_1812_4532Metric_Pad1.38x3.40mm_HandSolder (layer B.Cu) (tedit 5AC5DB74) (tstamp 5B0FA65D)
    (at 227.076 77.7305 270)
    (descr "Capacitor SMD 1812 (4532 Metric), square (rectangular) end terminal, IPC_7351 nominal with elongated pad for handsoldering. (Body size source: https://www.nikhef.nl/pub/departments/mt/projects/detectorR_D/dtddice/ERJ2G.pdf), generated with kicad-footprint-generator")
    (tags "capacitor handsolder")
    (path /5B02250C)
    (attr smd)
    (fp_text reference Ci3 (at 0 2.65 270) (layer B.SilkS)
      (effects (font (size 1 1) (thickness 0.15)) (justify mirror))
    )
    (fp_text value 4.7uF (at 0 -2.65 270) (layer B.Fab)
      (effects (font (size 1 1) (thickness 0.15)) (justify mirror))
    )
    (fp_line (start -2.25 -1.6) (end -2.25 1.6) (layer B.Fab) (width 0.1))
    (fp_line (start -2.25 1.6) (end 2.25 1.6) (layer B.Fab) (width 0.1))
    (fp_line (start 2.25 1.6) (end 2.25 -1.6) (layer B.Fab) (width 0.1))
    (fp_line (start 2.25 -1.6) (end -2.25 -1.6) (layer B.Fab) (width 0.1))
    (fp_line (start -1.18 1.71) (end 1.18 1.71) (layer B.SilkS) (width 0.12))
    (fp_line (start -1.18 -1.71) (end 1.18 -1.71) (layer B.SilkS) (width 0.12))
    (fp_line (start -3.14 -1.95) (end -3.14 1.95) (layer B.CrtYd) (width 0.05))
    (fp_line (start -3.14 1.95) (end 3.14 1.95) (layer B.CrtYd) (width 0.05))
    (fp_line (start 3.14 1.95) (end 3.14 -1.95) (layer B.CrtYd) (width 0.05))
    (fp_line (start 3.14 -1.95) (end -3.14 -1.95) (layer B.CrtYd) (width 0.05))
    (fp_text user %R (at 0 0 270) (layer B.Fab)
      (effects (font (size 1 1) (thickness 0.15)) (justify mirror))
    )
    (pad 1 smd rect (at -2.1925 0 270) (size 1.385 3.4) (layers B.Cu B.Paste B.Mask))
    (pad 2 smd rect (at 2.1925 0 270) (size 1.385 3.4) (layers B.Cu B.Paste B.Mask))
    (model ${KISYS3DMOD}/Capacitor_SMD.3dshapes/C_1812_4532Metric.wrl
      (at (xyz 0 0 0))
      (scale (xyz 1 1 1))
      (rotate (xyz 0 0 0))
    )
  )

  (module Capacitor_SMD:C_1812_4532Metric_Pad1.38x3.40mm_HandSolder (layer B.Cu) (tedit 5AC5DB74) (tstamp 5B0FA64B)
    (at 222.504 77.724 270)
    (descr "Capacitor SMD 1812 (4532 Metric), square (rectangular) end terminal, IPC_7351 nominal with elongated pad for handsoldering. (Body size source: https://www.nikhef.nl/pub/departments/mt/projects/detectorR_D/dtddice/ERJ2G.pdf), generated with kicad-footprint-generator")
    (tags "capacitor handsolder")
    (path /5B0345D8)
    (attr smd)
    (fp_text reference Ci2 (at 0 2.65 270) (layer B.SilkS)
      (effects (font (size 1 1) (thickness 0.15)) (justify mirror))
    )
    (fp_text value 4.7uF (at 0 -2.65 270) (layer B.Fab)
      (effects (font (size 1 1) (thickness 0.15)) (justify mirror))
    )
    (fp_line (start -2.25 -1.6) (end -2.25 1.6) (layer B.Fab) (width 0.1))
    (fp_line (start -2.25 1.6) (end 2.25 1.6) (layer B.Fab) (width 0.1))
    (fp_line (start 2.25 1.6) (end 2.25 -1.6) (layer B.Fab) (width 0.1))
    (fp_line (start 2.25 -1.6) (end -2.25 -1.6) (layer B.Fab) (width 0.1))
    (fp_line (start -1.18 1.71) (end 1.18 1.71) (layer B.SilkS) (width 0.12))
    (fp_line (start -1.18 -1.71) (end 1.18 -1.71) (layer B.SilkS) (width 0.12))
    (fp_line (start -3.14 -1.95) (end -3.14 1.95) (layer B.CrtYd) (width 0.05))
    (fp_line (start -3.14 1.95) (end 3.14 1.95) (layer B.CrtYd) (width 0.05))
    (fp_line (start 3.14 1.95) (end 3.14 -1.95) (layer B.CrtYd) (width 0.05))
    (fp_line (start 3.14 -1.95) (end -3.14 -1.95) (layer B.CrtYd) (width 0.05))
    (fp_text user %R (at 0 0 270) (layer B.Fab)
      (effects (font (size 1 1) (thickness 0.15)) (justify mirror))
    )
    (pad 1 smd rect (at -2.1925 0 270) (size 1.385 3.4) (layers B.Cu B.Paste B.Mask))
    (pad 2 smd rect (at 2.1925 0 270) (size 1.385 3.4) (layers B.Cu B.Paste B.Mask))
    (model ${KISYS3DMOD}/Capacitor_SMD.3dshapes/C_1812_4532Metric.wrl
      (at (xyz 0 0 0))
      (scale (xyz 1 1 1))
      (rotate (xyz 0 0 0))
    )
  )

  (module Capacitor_SMD:C_1812_4532Metric_Pad1.38x3.40mm_HandSolder (layer B.Cu) (tedit 5AC5DB74) (tstamp 5B0FA5C6)
    (at 236.347 85.598 90)
    (descr "Capacitor SMD 1812 (4532 Metric), square (rectangular) end terminal, IPC_7351 nominal with elongated pad for handsoldering. (Body size source: https://www.nikhef.nl/pub/departments/mt/projects/detectorR_D/dtddice/ERJ2G.pdf), generated with kicad-footprint-generator")
    (tags "capacitor handsolder")
    (path /5B034680)
    (attr smd)
    (fp_text reference Cc3 (at 0 2.65 90) (layer B.SilkS)
      (effects (font (size 1 1) (thickness 0.15)) (justify mirror))
    )
    (fp_text value 6.8uF (at 0 -2.65 90) (layer B.Fab)
      (effects (font (size 1 1) (thickness 0.15)) (justify mirror))
    )
    (fp_line (start -2.25 -1.6) (end -2.25 1.6) (layer B.Fab) (width 0.1))
    (fp_line (start -2.25 1.6) (end 2.25 1.6) (layer B.Fab) (width 0.1))
    (fp_line (start 2.25 1.6) (end 2.25 -1.6) (layer B.Fab) (width 0.1))
    (fp_line (start 2.25 -1.6) (end -2.25 -1.6) (layer B.Fab) (width 0.1))
    (fp_line (start -1.18 1.71) (end 1.18 1.71) (layer B.SilkS) (width 0.12))
    (fp_line (start -1.18 -1.71) (end 1.18 -1.71) (layer B.SilkS) (width 0.12))
    (fp_line (start -3.14 -1.95) (end -3.14 1.95) (layer B.CrtYd) (width 0.05))
    (fp_line (start -3.14 1.95) (end 3.14 1.95) (layer B.CrtYd) (width 0.05))
    (fp_line (start 3.14 1.95) (end 3.14 -1.95) (layer B.CrtYd) (width 0.05))
    (fp_line (start 3.14 -1.95) (end -3.14 -1.95) (layer B.CrtYd) (width 0.05))
    (fp_text user %R (at 0 0 90) (layer B.Fab)
      (effects (font (size 1 1) (thickness 0.15)) (justify mirror))
    )
    (pad 1 smd rect (at -2.1925 0 90) (size 1.385 3.4) (layers B.Cu B.Paste B.Mask))
    (pad 2 smd rect (at 2.1925 0 90) (size 1.385 3.4) (layers B.Cu B.Paste B.Mask))
    (model ${KISYS3DMOD}/Capacitor_SMD.3dshapes/C_1812_4532Metric.wrl
      (at (xyz 0 0 0))
      (scale (xyz 1 1 1))
      (rotate (xyz 0 0 0))
    )
  )

  (module Capacitor_SMD:C_1812_4532Metric_Pad1.38x3.40mm_HandSolder (layer B.Cu) (tedit 5AC5DB74) (tstamp 5B0FA5B5)
    (at 231.775 85.598 90)
    (descr "Capacitor SMD 1812 (4532 Metric), square (rectangular) end terminal, IPC_7351 nominal with elongated pad for handsoldering. (Body size source: https://www.nikhef.nl/pub/departments/mt/projects/detectorR_D/dtddice/ERJ2G.pdf), generated with kicad-footprint-generator")
    (tags "capacitor handsolder")
    (path /5B0346B8)
    (attr smd)
    (fp_text reference Cc2 (at 0 2.65 90) (layer B.SilkS)
      (effects (font (size 1 1) (thickness 0.15)) (justify mirror))
    )
    (fp_text value 6.8uF (at 0 -2.65 90) (layer B.Fab)
      (effects (font (size 1 1) (thickness 0.15)) (justify mirror))
    )
    (fp_line (start -2.25 -1.6) (end -2.25 1.6) (layer B.Fab) (width 0.1))
    (fp_line (start -2.25 1.6) (end 2.25 1.6) (layer B.Fab) (width 0.1))
    (fp_line (start 2.25 1.6) (end 2.25 -1.6) (layer B.Fab) (width 0.1))
    (fp_line (start 2.25 -1.6) (end -2.25 -1.6) (layer B.Fab) (width 0.1))
    (fp_line (start -1.18 1.71) (end 1.18 1.71) (layer B.SilkS) (width 0.12))
    (fp_line (start -1.18 -1.71) (end 1.18 -1.71) (layer B.SilkS) (width 0.12))
    (fp_line (start -3.14 -1.95) (end -3.14 1.95) (layer B.CrtYd) (width 0.05))
    (fp_line (start -3.14 1.95) (end 3.14 1.95) (layer B.CrtYd) (width 0.05))
    (fp_line (start 3.14 1.95) (end 3.14 -1.95) (layer B.CrtYd) (width 0.05))
    (fp_line (start 3.14 -1.95) (end -3.14 -1.95) (layer B.CrtYd) (width 0.05))
    (fp_text user %R (at 0 0 90) (layer B.Fab)
      (effects (font (size 1 1) (thickness 0.15)) (justify mirror))
    )
    (pad 1 smd rect (at -2.1925 0 90) (size 1.385 3.4) (layers B.Cu B.Paste B.Mask))
    (pad 2 smd rect (at 2.1925 0 90) (size 1.385 3.4) (layers B.Cu B.Paste B.Mask))
    (model ${KISYS3DMOD}/Capacitor_SMD.3dshapes/C_1812_4532Metric.wrl
      (at (xyz 0 0 0))
      (scale (xyz 1 1 1))
      (rotate (xyz 0 0 0))
    )
  )

  (module Capacitor_SMD:C_1812_4532Metric_Pad1.38x3.40mm_HandSolder (layer B.Cu) (tedit 5AC5DB74) (tstamp 5B0FA5A5)
    (at 240.792 85.598 90)
    (descr "Capacitor SMD 1812 (4532 Metric), square (rectangular) end terminal, IPC_7351 nominal with elongated pad for handsoldering. (Body size source: https://www.nikhef.nl/pub/departments/mt/projects/detectorR_D/dtddice/ERJ2G.pdf), generated with kicad-footprint-generator")
    (tags "capacitor handsolder")
    (path /5B022722)
    (attr smd)
    (fp_text reference Cc4 (at 0 2.65 90) (layer B.SilkS)
      (effects (font (size 1 1) (thickness 0.15)) (justify mirror))
    )
    (fp_text value 6.8uF (at 0 -2.65 90) (layer B.Fab)
      (effects (font (size 1 1) (thickness 0.15)) (justify mirror))
    )
    (fp_line (start -2.25 -1.6) (end -2.25 1.6) (layer B.Fab) (width 0.1))
    (fp_line (start -2.25 1.6) (end 2.25 1.6) (layer B.Fab) (width 0.1))
    (fp_line (start 2.25 1.6) (end 2.25 -1.6) (layer B.Fab) (width 0.1))
    (fp_line (start 2.25 -1.6) (end -2.25 -1.6) (layer B.Fab) (width 0.1))
    (fp_line (start -1.18 1.71) (end 1.18 1.71) (layer B.SilkS) (width 0.12))
    (fp_line (start -1.18 -1.71) (end 1.18 -1.71) (layer B.SilkS) (width 0.12))
    (fp_line (start -3.14 -1.95) (end -3.14 1.95) (layer B.CrtYd) (width 0.05))
    (fp_line (start -3.14 1.95) (end 3.14 1.95) (layer B.CrtYd) (width 0.05))
    (fp_line (start 3.14 1.95) (end 3.14 -1.95) (layer B.CrtYd) (width 0.05))
    (fp_line (start 3.14 -1.95) (end -3.14 -1.95) (layer B.CrtYd) (width 0.05))
    (fp_text user %R (at 0 0 90) (layer B.Fab)
      (effects (font (size 1 1) (thickness 0.15)) (justify mirror))
    )
    (pad 1 smd rect (at -2.1925 0 90) (size 1.385 3.4) (layers B.Cu B.Paste B.Mask))
    (pad 2 smd rect (at 2.1925 0 90) (size 1.385 3.4) (layers B.Cu B.Paste B.Mask))
    (model ${KISYS3DMOD}/Capacitor_SMD.3dshapes/C_1812_4532Metric.wrl
      (at (xyz 0 0 0))
      (scale (xyz 1 1 1))
      (rotate (xyz 0 0 0))
    )
  )

  (module Capacitor_SMD:C_1812_4532Metric_Pad1.38x3.40mm_HandSolder (layer B.Cu) (tedit 5AC5DB74) (tstamp 5B0FA5C6)
    (at 222.631 85.598 90)
    (descr "Capacitor SMD 1812 (4532 Metric), square (rectangular) end terminal, IPC_7351 nominal with elongated pad for handsoldering. (Body size source: https://www.nikhef.nl/pub/departments/mt/projects/detectorR_D/dtddice/ERJ2G.pdf), generated with kicad-footprint-generator")
    (tags "capacitor handsolder")
    (path /5B034680)
    (attr smd)
    (fp_text reference Cc3 (at 0 2.65 90) (layer B.SilkS)
      (effects (font (size 1 1) (thickness 0.15)) (justify mirror))
    )
    (fp_text value 6.8uF (at 0 -2.65 90) (layer B.Fab)
      (effects (font (size 1 1) (thickness 0.15)) (justify mirror))
    )
    (fp_line (start -2.25 -1.6) (end -2.25 1.6) (layer B.Fab) (width 0.1))
    (fp_line (start -2.25 1.6) (end 2.25 1.6) (layer B.Fab) (width 0.1))
    (fp_line (start 2.25 1.6) (end 2.25 -1.6) (layer B.Fab) (width 0.1))
    (fp_line (start 2.25 -1.6) (end -2.25 -1.6) (layer B.Fab) (width 0.1))
    (fp_line (start -1.18 1.71) (end 1.18 1.71) (layer B.SilkS) (width 0.12))
    (fp_line (start -1.18 -1.71) (end 1.18 -1.71) (layer B.SilkS) (width 0.12))
    (fp_line (start -3.14 -1.95) (end -3.14 1.95) (layer B.CrtYd) (width 0.05))
    (fp_line (start -3.14 1.95) (end 3.14 1.95) (layer B.CrtYd) (width 0.05))
    (fp_line (start 3.14 1.95) (end 3.14 -1.95) (layer B.CrtYd) (width 0.05))
    (fp_line (start 3.14 -1.95) (end -3.14 -1.95) (layer B.CrtYd) (width 0.05))
    (fp_text user %R (at 0 0 90) (layer B.Fab)
      (effects (font (size 1 1) (thickness 0.15)) (justify mirror))
    )
    (pad 1 smd rect (at -2.1925 0 90) (size 1.385 3.4) (layers B.Cu B.Paste B.Mask))
    (pad 2 smd rect (at 2.1925 0 90) (size 1.385 3.4) (layers B.Cu B.Paste B.Mask))
    (model ${KISYS3DMOD}/Capacitor_SMD.3dshapes/C_1812_4532Metric.wrl
      (at (xyz 0 0 0))
      (scale (xyz 1 1 1))
      (rotate (xyz 0 0 0))
    )
  )

  (module Capacitor_SMD:C_1812_4532Metric_Pad1.38x3.40mm_HandSolder (layer B.Cu) (tedit 5AC5DB74) (tstamp 5B0FA5B5)
    (at 218.059 85.598 90)
    (descr "Capacitor SMD 1812 (4532 Metric), square (rectangular) end terminal, IPC_7351 nominal with elongated pad for handsoldering. (Body size source: https://www.nikhef.nl/pub/departments/mt/projects/detectorR_D/dtddice/ERJ2G.pdf), generated with kicad-footprint-generator")
    (tags "capacitor handsolder")
    (path /5B0346B8)
    (attr smd)
    (fp_text reference Cc2 (at 0 2.65 90) (layer B.SilkS)
      (effects (font (size 1 1) (thickness 0.15)) (justify mirror))
    )
    (fp_text value 6.8uF (at 0 -2.65 90) (layer B.Fab)
      (effects (font (size 1 1) (thickness 0.15)) (justify mirror))
    )
    (fp_line (start -2.25 -1.6) (end -2.25 1.6) (layer B.Fab) (width 0.1))
    (fp_line (start -2.25 1.6) (end 2.25 1.6) (layer B.Fab) (width 0.1))
    (fp_line (start 2.25 1.6) (end 2.25 -1.6) (layer B.Fab) (width 0.1))
    (fp_line (start 2.25 -1.6) (end -2.25 -1.6) (layer B.Fab) (width 0.1))
    (fp_line (start -1.18 1.71) (end 1.18 1.71) (layer B.SilkS) (width 0.12))
    (fp_line (start -1.18 -1.71) (end 1.18 -1.71) (layer B.SilkS) (width 0.12))
    (fp_line (start -3.14 -1.95) (end -3.14 1.95) (layer B.CrtYd) (width 0.05))
    (fp_line (start -3.14 1.95) (end 3.14 1.95) (layer B.CrtYd) (width 0.05))
    (fp_line (start 3.14 1.95) (end 3.14 -1.95) (layer B.CrtYd) (width 0.05))
    (fp_line (start 3.14 -1.95) (end -3.14 -1.95) (layer B.CrtYd) (width 0.05))
    (fp_text user %R (at 0 0 90) (layer B.Fab)
      (effects (font (size 1 1) (thickness 0.15)) (justify mirror))
    )
    (pad 1 smd rect (at -2.1925 0 90) (size 1.385 3.4) (layers B.Cu B.Paste B.Mask))
    (pad 2 smd rect (at 2.1925 0 90) (size 1.385 3.4) (layers B.Cu B.Paste B.Mask))
    (model ${KISYS3DMOD}/Capacitor_SMD.3dshapes/C_1812_4532Metric.wrl
      (at (xyz 0 0 0))
      (scale (xyz 1 1 1))
      (rotate (xyz 0 0 0))
    )
  )

  (module Capacitor_SMD:C_1812_4532Metric_Pad1.38x3.40mm_HandSolder (layer B.Cu) (tedit 5AC5DB74) (tstamp 5B0FA5A5)
    (at 227.076 85.598 90)
    (descr "Capacitor SMD 1812 (4532 Metric), square (rectangular) end terminal, IPC_7351 nominal with elongated pad for handsoldering. (Body size source: https://www.nikhef.nl/pub/departments/mt/projects/detectorR_D/dtddice/ERJ2G.pdf), generated with kicad-footprint-generator")
    (tags "capacitor handsolder")
    (path /5B022722)
    (attr smd)
    (fp_text reference Cc4 (at 0 2.65 90) (layer B.SilkS)
      (effects (font (size 1 1) (thickness 0.15)) (justify mirror))
    )
    (fp_text value 6.8uF (at 0 -2.65 90) (layer B.Fab)
      (effects (font (size 1 1) (thickness 0.15)) (justify mirror))
    )
    (fp_line (start -2.25 -1.6) (end -2.25 1.6) (layer B.Fab) (width 0.1))
    (fp_line (start -2.25 1.6) (end 2.25 1.6) (layer B.Fab) (width 0.1))
    (fp_line (start 2.25 1.6) (end 2.25 -1.6) (layer B.Fab) (width 0.1))
    (fp_line (start 2.25 -1.6) (end -2.25 -1.6) (layer B.Fab) (width 0.1))
    (fp_line (start -1.18 1.71) (end 1.18 1.71) (layer B.SilkS) (width 0.12))
    (fp_line (start -1.18 -1.71) (end 1.18 -1.71) (layer B.SilkS) (width 0.12))
    (fp_line (start -3.14 -1.95) (end -3.14 1.95) (layer B.CrtYd) (width 0.05))
    (fp_line (start -3.14 1.95) (end 3.14 1.95) (layer B.CrtYd) (width 0.05))
