(kicad_pcb (version 20171130) (host pcbnew "(5.0.0-rc2-dev-586-g888c43477)")

  (general
    (thickness 1.6)
    (drawings 11)
    (tracks 498)
    (zones 0)
    (modules 88)
    (nets 57)
  )

  (page A4)
  (layers
    (0 F.Cu signal)
    (31 B.Cu signal)
    (32 B.Adhes user)
    (33 F.Adhes user)
    (34 B.Paste user)
    (35 F.Paste user)
    (36 B.SilkS user)
    (37 F.SilkS user)
    (38 B.Mask user)
    (39 F.Mask user)
    (40 Dwgs.User user)
    (41 Cmts.User user)
    (42 Eco1.User user)
    (43 Eco2.User user)
    (44 Edge.Cuts user)
    (45 Margin user)
    (46 B.CrtYd user)
    (47 F.CrtYd user)
    (48 B.Fab user)
    (49 F.Fab user)
  )

  (setup
    (last_trace_width 1)
    (user_trace_width 0.3429)
    (user_trace_width 0.508)
    (user_trace_width 0.8)
    (user_trace_width 1)
    (user_trace_width 3)
    (user_trace_width 5)
    (user_trace_width 6)
    (user_trace_width 9)
    (trace_clearance 0.3048)
    (zone_clearance 1.27)
    (zone_45_only yes)
    (trace_min 0.0508)
    (segment_width 0.2)
    (edge_width 0.15)
    (via_size 0.9)
    (via_drill 0.7)
    (via_min_size 0.7)
    (via_min_drill 0.6)
    (user_via 1.7 0.6)
    (user_via 1.8 0.7)
    (user_via 2 0.9)
    (user_via 3.1 2)
    (user_via 4.1 3)
    (uvia_size 0.3)
    (uvia_drill 0.1)
    (uvias_allowed no)
    (uvia_min_size 0.2)
    (uvia_min_drill 0.1)
    (pcb_text_width 0.3)
    (pcb_text_size 1.5 1.5)
    (mod_edge_width 0.15)
    (mod_text_size 1 1)
    (mod_text_width 0.15)
    (pad_size 1.15 1.4)
    (pad_drill 0)
    (pad_to_mask_clearance 0.2)
    (aux_axis_origin 50.038 29.718)
    (visible_elements 7FFFFFFF)
    (pcbplotparams
      (layerselection 0x03000_ffffffff)
      (usegerberextensions false)
      (usegerberattributes false)
      (usegerberadvancedattributes false)
      (creategerberjobfile true)
      (excludeedgelayer true)
      (linewidth 0.100000)
      (plotframeref false)
      (viasonmask false)
      (mode 1)
      (useauxorigin false)
      (hpglpennumber 1)
      (hpglpenspeed 20)
      (hpglpendiameter 15)
      (psnegative false)
      (psa4output false)
      (plotreference true)
      (plotvalue true)
      (plotinvisibletext false)
      (padsonsilk false)
      (subtractmaskfromsilk true)
      (outputformat 4)
      (mirror false)
      (drillshape 0)
      (scaleselection 1)
      (outputdirectory PDF/))
  )

  (net 0 "")
  (net 1 +5V)
  (net 2 +12V)
  (net 3 "Net-(U5-Pad11)")
  (net 4 "Net-(U5-Pad12)")
  (net 5 "Net-(U5-Pad13)")
  (net 6 "Net-(U5-Pad14)")
  (net 7 "Net-(U5-Pad16)")
  (net 8 "Net-(U5-Pad17)")
  (net 9 "Net-(U5-Pad19)")
  (net 10 "Net-(U5-Pad20)")
  (net 11 "Net-(U5-Pad21)")
  (net 12 "Net-(U5-Pad22)")
  (net 13 "Net-(U5-Pad23)")
  (net 14 "Net-(U5-Pad24)")
  (net 15 "Net-(U5-Pad25)")
  (net 16 "Net-(U5-Pad26)")
  (net 17 "Net-(U5-Pad27)")
  (net 18 "Net-(U5-Pad28)")
  (net 19 "Net-(U5-Pad29)")
  (net 20 "Net-(U5-Pad30)")
  (net 21 "Net-(U5-Pad34)")
  (net 22 "Net-(U5-Pad35)")
  (net 23 "Net-(U5-Pad36)")
  (net 24 GNDA)
  (net 25 +5VA)
  (net 26 "Net-(U2-Pad3)")
  (net 27 "Net-(C10-Pad1)")
  (net 28 /-P_unfused)
  (net 29 /+Vp)
  (net 30 /-B)
  (net 31 /Source)
  (net 32 /Gate)
  (net 33 GND)
  (net 34 /+18V_OUT)
  (net 35 /Vbat_adc+)
  (net 36 /Vpanel_adc+)
  (net 37 /Ipanel_adc+)
  (net 38 /PWM)
  (net 39 /BatOVInterrupt)
  (net 40 /+B)
  (net 41 /-Vp)
  (net 42 /Vp_sen-)
  (net 43 /Vp_sen+)
  (net 44 /Vb_sen+)
  (net 45 /Vb_sen-)
  (net 46 "Net-(U4-Pad6)")
  (net 47 "Net-(U4-Pad7)")
  (net 48 "Net-(U4-Pad8)")
  (net 49 "Net-(U4-Pad9)")
  (net 50 /INA240_OUT)
  (net 51 "Net-(Cs13-Pad2)")
  (net 52 "Net-(Cs12-Pad2)")
  (net 53 "Net-(Cs14-Pad2)")
  (net 54 "Net-(Cs15-Pad1)")
  (net 55 /Rs-)
  (net 56 "Net-(JP5-Pad2)")

  (net_class Default "Esta es la clase de red por defecto."
    (clearance 0.3048)
    (trace_width 0.508)
    (via_dia 0.9)
    (via_drill 0.7)
    (uvia_dia 0.3)
    (uvia_drill 0.1)
    (diff_pair_gap 0.3048)
    (diff_pair_width 0.508)
    (add_net +12V)
    (add_net +5V)
    (add_net /+18V_OUT)
    (add_net /BatOVInterrupt)
    (add_net /Gate)
    (add_net /INA240_OUT)
    (add_net /Ipanel_adc+)
    (add_net /PWM)
    (add_net /Rs-)
    (add_net /Vb_sen+)
    (add_net /Vb_sen-)
    (add_net /Vbat_adc+)
    (add_net /Vp_sen+)
    (add_net /Vp_sen-)
    (add_net /Vpanel_adc+)
    (add_net GND)
    (add_net "Net-(C10-Pad1)")
    (add_net "Net-(Cs12-Pad2)")
    (add_net "Net-(Cs13-Pad2)")
    (add_net "Net-(Cs14-Pad2)")
    (add_net "Net-(Cs15-Pad1)")
    (add_net "Net-(JP5-Pad2)")
    (add_net "Net-(U2-Pad3)")
    (add_net "Net-(U4-Pad6)")
    (add_net "Net-(U4-Pad7)")
    (add_net "Net-(U4-Pad8)")
    (add_net "Net-(U4-Pad9)")
    (add_net "Net-(U5-Pad11)")
    (add_net "Net-(U5-Pad12)")
    (add_net "Net-(U5-Pad13)")
    (add_net "Net-(U5-Pad14)")
    (add_net "Net-(U5-Pad16)")
    (add_net "Net-(U5-Pad17)")
    (add_net "Net-(U5-Pad19)")
    (add_net "Net-(U5-Pad20)")
    (add_net "Net-(U5-Pad21)")
    (add_net "Net-(U5-Pad22)")
    (add_net "Net-(U5-Pad23)")
    (add_net "Net-(U5-Pad24)")
    (add_net "Net-(U5-Pad25)")
    (add_net "Net-(U5-Pad26)")
    (add_net "Net-(U5-Pad27)")
    (add_net "Net-(U5-Pad28)")
    (add_net "Net-(U5-Pad29)")
    (add_net "Net-(U5-Pad30)")
    (add_net "Net-(U5-Pad34)")
    (add_net "Net-(U5-Pad35)")
    (add_net "Net-(U5-Pad36)")
  )

  (net_class "Alta tensao" ""
    (clearance 1.27)
    (trace_width 0.508)
    (via_dia 0.9)
    (via_drill 0.7)
    (uvia_dia 0.3)
    (uvia_drill 0.1)
    (diff_pair_gap 1.27)
    (diff_pair_width 0.508)
    (add_net /+B)
    (add_net /+Vp)
    (add_net /-B)
    (add_net /-P_unfused)
    (add_net /Source)
  )

  (net_class INA ""
    (clearance 0.3048)
    (trace_width 0.3429)
    (via_dia 0.9)
    (via_drill 0.7)
    (uvia_dia 0.3)
    (uvia_drill 0.1)
    (diff_pair_gap 0.3048)
    (diff_pair_width 0.508)
    (add_net +5VA)
    (add_net /-Vp)
    (add_net GNDA)
  )

  (module TerminalBlock:TerminalBlock_bornier-2_P5.08mm (layer F.Cu) (tedit 59FF03AB) (tstamp 5B912760)
    (at 61.595 33.655 180)
    (descr "simple 2-pin terminal block, pitch 5.08mm, revamped version of bornier2")
    (tags "terminal block bornier2")
    (path /5B867815)
    (fp_text reference JP5 (at 2.54 -5.08 180) (layer F.SilkS)
      (effects (font (size 1 1) (thickness 0.15)))
    )
    (fp_text value ON/OFF (at 2.54 5.08 180) (layer F.Fab)
      (effects (font (size 1 1) (thickness 0.15)))
    )
    (fp_text user %R (at 2.54 0 180) (layer F.Fab)
      (effects (font (size 1 1) (thickness 0.15)))
    )
    (fp_line (start -2.41 2.55) (end 7.49 2.55) (layer F.Fab) (width 0.1))
    (fp_line (start -2.46 -3.75) (end -2.46 3.75) (layer F.Fab) (width 0.1))
    (fp_line (start -2.46 3.75) (end 7.54 3.75) (layer F.Fab) (width 0.1))
    (fp_line (start 7.54 3.75) (end 7.54 -3.75) (layer F.Fab) (width 0.1))
    (fp_line (start 7.54 -3.75) (end -2.46 -3.75) (layer F.Fab) (width 0.1))
    (fp_line (start 7.62 2.54) (end -2.54 2.54) (layer F.SilkS) (width 0.12))
    (fp_line (start 7.62 3.81) (end 7.62 -3.81) (layer F.SilkS) (width 0.12))
    (fp_line (start 7.62 -3.81) (end -2.54 -3.81) (layer F.SilkS) (width 0.12))
    (fp_line (start -2.54 -3.81) (end -2.54 3.81) (layer F.SilkS) (width 0.12))
    (fp_line (start -2.54 3.81) (end 7.62 3.81) (layer F.SilkS) (width 0.12))
    (fp_line (start -2.71 -4) (end 7.79 -4) (layer F.CrtYd) (width 0.05))
    (fp_line (start -2.71 -4) (end -2.71 4) (layer F.CrtYd) (width 0.05))
    (fp_line (start 7.79 4) (end 7.79 -4) (layer F.CrtYd) (width 0.05))
    (fp_line (start 7.79 4) (end -2.71 4) (layer F.CrtYd) (width 0.05))
    (pad 1 thru_hole rect (at 0 0 180) (size 3 3) (drill 1.52) (layers *.Cu *.Mask)
      (net 33 GND))
    (pad 2 thru_hole circle (at 5.08 0 180) (size 3 3) (drill 1.52) (layers *.Cu *.Mask)
      (net 56 "Net-(JP5-Pad2)"))
    (model ${KISYS3DMOD}/TerminalBlock.3dshapes/TerminalBlock_bornier-2_P5.08mm.wrl
      (offset (xyz 2.539999961853027 0 0))
      (scale (xyz 1 1 1))
      (rotate (xyz 0 0 0))
    )
  )

  (module TestPoint:TestPoint_Pad_D1.0mm (layer B.Cu) (tedit 5A0F774F) (tstamp 5B84B3A9)
    (at 200.66 144.78)
    (descr "SMD pad as test Point, diameter 1.0mm")
    (tags "test point SMD pad")
    (path /5B862EAD)
    (attr virtual)
    (fp_text reference TP13 (at 0 1.448) (layer B.SilkS)
      (effects (font (size 1 1) (thickness 0.15)) (justify mirror))
    )
    (fp_text value TP (at 0 -1.55) (layer B.Fab)
      (effects (font (size 1 1) (thickness 0.15)) (justify mirror))
    )
    (fp_text user %R (at 0 1.45) (layer B.Fab)
      (effects (font (size 1 1) (thickness 0.15)) (justify mirror))
    )
    (fp_circle (center 0 0) (end 1 0) (layer B.CrtYd) (width 0.05))
    (fp_circle (center 0 0) (end 0 -0.7) (layer B.SilkS) (width 0.12))
    (pad 1 smd circle (at 0 0) (size 1 1) (layers B.Cu B.Mask)
      (net 25 +5VA))
  )

  (module Capacitor_SMD:C_2512_6332Metric_Pad1.52x3.35mm_HandSolder (layer B.Cu) (tedit 5B301BBE) (tstamp 5BA8309B)
    (at 102.235 49.53 90)
    (descr "Capacitor SMD 2512 (6332 Metric), square (rectangular) end terminal, IPC_7351 nominal with elongated pad for handsoldering. (Body size source: http://www.tortai-tech.com/upload/download/2011102023233369053.pdf), generated with kicad-footprint-generator")
    (tags "capacitor handsolder")
    (path /5B808F00)
    (attr smd)
    (fp_text reference C1 (at 0 2.62 90) (layer B.SilkS)
      (effects (font (size 1 1) (thickness 0.15)) (justify mirror))
    )
    (fp_text value 1uF (at 0 -2.62 90) (layer B.Fab)
      (effects (font (size 1 1) (thickness 0.15)) (justify mirror))
    )
    (fp_line (start -3.15 -1.6) (end -3.15 1.6) (layer B.Fab) (width 0.1))
    (fp_line (start -3.15 1.6) (end 3.15 1.6) (layer B.Fab) (width 0.1))
    (fp_line (start 3.15 1.6) (end 3.15 -1.6) (layer B.Fab) (width 0.1))
    (fp_line (start 3.15 -1.6) (end -3.15 -1.6) (layer B.Fab) (width 0.1))
    (fp_line (start -2.052064 1.71) (end 2.052064 1.71) (layer B.SilkS) (width 0.12))
    (fp_line (start -2.052064 -1.71) (end 2.052064 -1.71) (layer B.SilkS) (width 0.12))
    (fp_line (start -4 -1.92) (end -4 1.92) (layer B.CrtYd) (width 0.05))
    (fp_line (start -4 1.92) (end 4 1.92) (layer B.CrtYd) (width 0.05))
    (fp_line (start 4 1.92) (end 4 -1.92) (layer B.CrtYd) (width 0.05))
    (fp_line (start 4 -1.92) (end -4 -1.92) (layer B.CrtYd) (width 0.05))
    (fp_text user %R (at 0 0 90) (layer B.Fab)
      (effects (font (size 1 1) (thickness 0.15)) (justify mirror))
    )
    (pad 1 smd roundrect (at -2.9875 0 90) (size 1.525 3.35) (layers B.Cu B.Paste B.Mask)(roundrect_rratio 0.163934)
      (net 37 /Ipanel_adc+))
    (pad 2 smd roundrect (at 2.9875 0 90) (size 1.525 3.35) (layers B.Cu B.Paste B.Mask)(roundrect_rratio 0.163934)
      (net 24 GNDA))
    (model ${KISYS3DMOD}/Capacitor_SMD.3dshapes/C_2512_6332Metric.wrl
      (at (xyz 0 0 0))
      (scale (xyz 1 1 1))
      (rotate (xyz 0 0 0))
    )
  )

  (module Capacitor_SMD:C_0805_2012Metric_Pad1.15x1.40mm_HandSolder (layer B.Cu) (tedit 5B36C52B) (tstamp 5BA7E50F)
    (at 203.2 142.24 180)
    (descr "Capacitor SMD 0805 (2012 Metric), square (rectangular) end terminal, IPC_7351 nominal with elongated pad for handsoldering. (Body size source: https://docs.google.com/spreadsheets/d/1BsfQQcO9C6DZCsRaXUlFlo91Tg2WpOkGARC1WS5S8t0/edit?usp=sharing), generated with kicad-footprint-generator")
    (tags "capacitor handsolder")
    (path /5B48C252)
    (attr smd)
    (fp_text reference C11 (at 0 1.65 180) (layer B.SilkS)
      (effects (font (size 1 1) (thickness 0.15)) (justify mirror))
    )
    (fp_text value 100nF (at 0 -1.65 180) (layer B.Fab)
      (effects (font (size 1 1) (thickness 0.15)) (justify mirror))
    )
    (fp_line (start -1 -0.6) (end -1 0.6) (layer B.Fab) (width 0.1))
    (fp_line (start -1 0.6) (end 1 0.6) (layer B.Fab) (width 0.1))
    (fp_line (start 1 0.6) (end 1 -0.6) (layer B.Fab) (width 0.1))
    (fp_line (start 1 -0.6) (end -1 -0.6) (layer B.Fab) (width 0.1))
    (fp_line (start -0.261252 0.71) (end 0.261252 0.71) (layer B.SilkS) (width 0.12))
    (fp_line (start -0.261252 -0.71) (end 0.261252 -0.71) (layer B.SilkS) (width 0.12))
    (fp_line (start -1.85 -0.95) (end -1.85 0.95) (layer B.CrtYd) (width 0.05))
    (fp_line (start -1.85 0.95) (end 1.85 0.95) (layer B.CrtYd) (width 0.05))
    (fp_line (start 1.85 0.95) (end 1.85 -0.95) (layer B.CrtYd) (width 0.05))
    (fp_line (start 1.85 -0.95) (end -1.85 -0.95) (layer B.CrtYd) (width 0.05))
    (fp_text user %R (at 0 0 180) (layer B.Fab)
      (effects (font (size 0.5 0.5) (thickness 0.08)) (justify mirror))
    )
    (pad 1 smd roundrect (at -1.025 0 180) (size 1.15 1.4) (layers B.Cu B.Paste B.Mask)(roundrect_rratio 0.217391)
      (net 24 GNDA))
    (pad 2 smd roundrect (at 1.025 0 180) (size 1.15 1.4) (layers B.Cu B.Paste B.Mask)(roundrect_rratio 0.217391)
      (net 25 +5VA))
    (model ${KISYS3DMOD}/Capacitor_SMD.3dshapes/C_0805_2012Metric.wrl
      (at (xyz 0 0 0))
      (scale (xyz 1 1 1))
      (rotate (xyz 0 0 0))
    )
  )

  (module MCCplaca:TO-220-3_Horizontal_TabDown (layer F.Cu) (tedit 5AC8BA0D) (tstamp 5BA7DE80)
    (at 152.908 121.158 180)
    (descr "TO-220-3, Horizontal, RM 2.54mm, see https://www.vishay.com/docs/66542/to-220-1.pdf")
    (tags "TO-220-3 Horizontal RM 2.54mm")
    (path /5B109C61)
    (fp_text reference U3 (at 2.54 -20.58 180) (layer F.SilkS)
      (effects (font (size 1 1) (thickness 0.15)))
    )
    (fp_text value LM7812_TO220 (at 2.54 2 180) (layer F.Fab)
      (effects (font (size 1 1) (thickness 0.15)))
    )
    (fp_text user %R (at 2.54 -20.58 180) (layer F.Fab)
      (effects (font (size 1 1) (thickness 0.15)))
    )
    (fp_line (start 7.79 -19.71) (end -2.71 -19.71) (layer F.CrtYd) (width 0.05))
    (fp_line (start 7.79 1.25) (end 7.79 -19.71) (layer F.CrtYd) (width 0.05))
    (fp_line (start -2.71 1.25) (end 7.79 1.25) (layer F.CrtYd) (width 0.05))
    (fp_line (start -2.71 -19.71) (end -2.71 1.25) (layer F.CrtYd) (width 0.05))
    (fp_line (start 5.08 -3.69) (end 5.08 -1.15) (layer F.SilkS) (width 0.12))
    (fp_line (start 2.54 -3.69) (end 2.54 -1.15) (layer F.SilkS) (width 0.12))
    (fp_line (start 0 -3.69) (end 0 -1.15) (layer F.SilkS) (width 0.12))
    (fp_line (start 7.66 -19.58) (end 7.66 -3.69) (layer F.SilkS) (width 0.12))
    (fp_line (start -2.58 -19.58) (end -2.58 -3.69) (layer F.SilkS) (width 0.12))
    (fp_line (start -2.58 -19.58) (end 7.66 -19.58) (layer F.SilkS) (width 0.12))
    (fp_line (start -2.58 -3.69) (end 7.66 -3.69) (layer F.SilkS) (width 0.12))
    (fp_line (start 5.08 -3.81) (end 5.08 0) (layer F.Fab) (width 0.1))
    (fp_line (start 2.54 -3.81) (end 2.54 0) (layer F.Fab) (width 0.1))
    (fp_line (start 0 -3.81) (end 0 0) (layer F.Fab) (width 0.1))
    (fp_line (start 7.54 -3.81) (end -2.46 -3.81) (layer F.Fab) (width 0.1))
    (fp_line (start 7.54 -13.06) (end 7.54 -3.81) (layer F.Fab) (width 0.1))
    (fp_line (start -2.46 -13.06) (end 7.54 -13.06) (layer F.Fab) (width 0.1))
    (fp_line (start -2.46 -3.81) (end -2.46 -13.06) (layer F.Fab) (width 0.1))
    (fp_line (start 7.54 -13.06) (end -2.46 -13.06) (layer F.Fab) (width 0.1))
    (fp_line (start 7.54 -19.46) (end 7.54 -13.06) (layer F.Fab) (width 0.1))
    (fp_line (start -2.46 -19.46) (end 7.54 -19.46) (layer F.Fab) (width 0.1))
    (fp_line (start -2.46 -13.06) (end -2.46 -19.46) (layer F.Fab) (width 0.1))
    (fp_circle (center 2.54 -16.66) (end 4.39 -16.66) (layer F.Fab) (width 0.1))
    (pad 3 thru_hole oval (at 5.08 0 180) (size 1.905 2) (drill 1.1) (layers *.Cu *.Mask)
      (net 2 +12V))
    (pad 2 thru_hole oval (at 2.54 0 180) (size 1.905 2) (drill 1.1) (layers *.Cu *.Mask)
      (net 33 GND))
    (pad 1 thru_hole rect (at 0 0 180) (size 1.905 2) (drill 1.1) (layers *.Cu *.Mask)
      (net 34 /+18V_OUT))
    (pad "" np_thru_hole oval (at 2.54 -16.66 180) (size 3.5 3.5) (drill 3.5) (layers *.Cu *.Mask))
    (model ${KISYS3DMOD}/Package_TO_SOT_THT.3dshapes/TO-220-3_Horizontal_TabDown.wrl
      (at (xyz 0 0 0))
      (scale (xyz 1 1 1))
      (rotate (xyz 0 0 0))
    )
  )

  (module MCCplaca:PML100HZPJV0L5 (layer B.Cu) (tedit 5B0F3F9E) (tstamp 5BA7527A)
    (at 203.2 131.445)
    (path /5B4A6175)
    (fp_text reference Rshunt1 (at 1.0922 4.318) (layer B.SilkS)
      (effects (font (size 1 1) (thickness 0.15)) (justify mirror))
    )
    (fp_text value 1500uR (at -3.81 4.2418) (layer B.SilkS)
      (effects (font (size 1 1) (thickness 0.15)) (justify mirror))
    )
    (fp_circle (center -1.2139 0) (end -1.1377 0) (layer B.SilkS) (width 0.1524))
    (fp_circle (center -1.021 0) (end -0.259 0) (layer Dwgs.User) (width 0.1524))
    (fp_line (start -1.725 3.32) (end -1.725 -3.32) (layer Dwgs.User) (width 0.1524))
    (fp_line (start 1.725 3.32) (end -1.725 3.32) (layer Dwgs.User) (width 0.1524))
    (fp_line (start 1.725 -3.32) (end 1.725 3.32) (layer Dwgs.User) (width 0.1524))
    (fp_line (start -1.725 -3.32) (end 1.725 -3.32) (layer Dwgs.User) (width 0.1524))
    (fp_line (start 1.725 3.32) (end 0.825 3.32) (layer Dwgs.User) (width 0.1524))
    (fp_line (start 1.725 -3.32) (end 1.725 3.32) (layer Dwgs.User) (width 0.1524))
    (fp_line (start 0.825 -3.32) (end 1.725 -3.32) (layer Dwgs.User) (width 0.1524))
    (fp_line (start 0.825 3.32) (end 0.825 -3.32) (layer Dwgs.User) (width 0.1524))
    (fp_line (start -1.725 -3.32) (end -0.825 -3.32) (layer Dwgs.User) (width 0.1524))
    (fp_line (start -1.725 3.32) (end -1.725 -3.32) (layer Dwgs.User) (width 0.1524))
    (fp_line (start -0.825 3.32) (end -1.725 3.32) (layer Dwgs.User) (width 0.1524))
    (fp_line (start -0.825 -3.32) (end -0.825 3.32) (layer Dwgs.User) (width 0.1524))
    (fp_text user "Copyright 2016 Accelerated Designs. All rights reserved." (at 0 0) (layer Cmts.User)
      (effects (font (size 0.127 0.127) (thickness 0.002)))
    )
    (pad 2 smd rect (at 2.291 0) (size 2.932 6.64) (layers B.Cu B.Paste B.Mask)
      (net 55 /Rs-))
    (pad 1 smd rect (at -2.291 0) (size 2.932 6.64) (layers B.Cu B.Paste B.Mask)
      (net 41 /-Vp))
    (model ${KIPRJMOD}/MCC_bibliotecas/MCCplaca.pretty/3D/RES_R3264-M.step
      (at (xyz 0 0 0))
      (scale (xyz 10 10 10))
      (rotate (xyz 0 0 0))
    )
  )

  (module Jumper:SolderJumper-2_P1.3mm_Open_Pad1.0x1.5mm (layer F.Cu) (tedit 5A3EABFC) (tstamp 5BA72C81)
    (at 113.665 45.72 180)
    (descr "SMD Solder Jumper, 1x1.5mm Pads, 0.3mm gap, open")
    (tags "solder jumper open")
    (path /5B9300A3)
    (attr virtual)
    (fp_text reference JP1 (at 0 -1.8 180) (layer F.SilkS)
      (effects (font (size 1 1) (thickness 0.15)))
    )
    (fp_text value VBat-Sen (at 0 1.9 180) (layer F.Fab)
      (effects (font (size 1 1) (thickness 0.15)))
    )
    (fp_line (start -1.4 1) (end -1.4 -1) (layer F.SilkS) (width 0.12))
    (fp_line (start 1.4 1) (end -1.4 1) (layer F.SilkS) (width 0.12))
    (fp_line (start 1.4 -1) (end 1.4 1) (layer F.SilkS) (width 0.12))
    (fp_line (start -1.4 -1) (end 1.4 -1) (layer F.SilkS) (width 0.12))
    (fp_line (start -1.65 -1.25) (end 1.65 -1.25) (layer F.CrtYd) (width 0.05))
    (fp_line (start -1.65 -1.25) (end -1.65 1.25) (layer F.CrtYd) (width 0.05))
    (fp_line (start 1.65 1.25) (end 1.65 -1.25) (layer F.CrtYd) (width 0.05))
    (fp_line (start 1.65 1.25) (end -1.65 1.25) (layer F.CrtYd) (width 0.05))
    (pad 2 smd rect (at 0.65 0 180) (size 1 1.5) (layers F.Cu F.Mask)
      (net 33 GND))
    (pad 1 smd rect (at -0.65 0 180) (size 1 1.5) (layers F.Cu F.Mask)
      (net 30 /-B))
  )

  (module MCCplaca:SignalsBarrapinos locked (layer B.Cu) (tedit 5B84701C) (tstamp 5B9BDFB1)
    (at 109.728 112.268 90)
    (descr "Through hole straight socket strip, 1x20, 2.54mm pitch, single row (from Kicad 4.0.7), script generated")
    (tags "Through hole socket strip THT 1x20 2.54mm single row")
    (path /5B191CBF)
    (fp_text reference U4 (at 2.032 4.318 -90) (layer B.SilkS)
      (effects (font (size 1 1) (thickness 0.15)) (justify mirror))
    )
    (fp_text value Signals_MCC (at 4.572 2.54 90) (layer B.Fab)
      (effects (font (size 1 1) (thickness 0.15)) (justify mirror))
    )
    (fp_line (start 0 0) (end 0 -30.734) (layer B.SilkS) (width 0.15))
    (fp_line (start 55.372 0) (end 0 0) (layer B.SilkS) (width 0.15))
    (fp_line (start 55.372 0) (end 55.372 -30.734) (layer B.SilkS) (width 0.15))
    (fp_line (start 55.372 -30.734) (end 0 -30.734) (layer B.SilkS) (width 0.15))
    (fp_text user %R (at 27.631005 -4.332395 -90) (layer B.Fab)
      (effects (font (size 1 1) (thickness 0.15)) (justify mirror))
    )
    (fp_line (start 13.716 -5.588) (end 13.716 -3.048) (layer B.SilkS) (width 0.15))
    (fp_line (start 2.231005 -5.602395) (end 2.231005 -3.697395) (layer B.Fab) (width 0.1))
    (fp_line (start 2.231005 -3.697395) (end 2.866005 -3.062395) (layer B.Fab) (width 0.1))
    (fp_line (start 2.866005 -3.062395) (end 53.031005 -3.062395) (layer B.Fab) (width 0.1))
    (fp_line (start 53.031005 -3.062395) (end 53.031005 -5.602395) (layer B.Fab) (width 0.1))
    (fp_line (start 53.031005 -5.602395) (end 2.231005 -5.602395) (layer B.Fab) (width 0.1))
    (fp_line (start 4.771005 -5.662395) (end 4.771005 -3.002395) (layer B.SilkS) (width 0.12))
    (fp_line (start 4.771005 -5.662395) (end 53.091005 -5.662395) (layer B.SilkS) (width 0.12))
    (fp_line (start 53.091005 -5.662395) (end 53.091005 -3.002395) (layer B.SilkS) (width 0.12))
    (fp_line (start 4.771005 -3.002395) (end 53.091005 -3.002395) (layer B.SilkS) (width 0.12))
    (fp_line (start 2.171005 -3.002395) (end 3.501005 -3.002395) (layer B.SilkS) (width 0.12))
    (fp_line (start 2.171005 -4.332395) (end 2.171005 -3.002395) (layer B.SilkS) (width 0.12))
    (fp_line (start 1.701005 -6.132395) (end 1.701005 -2.582395) (layer B.CrtYd) (width 0.05))
    (fp_line (start 53.501005 -2.582395) (end 53.501005 -6.132395) (layer B.CrtYd) (width 0.05))
    (fp_line (start 1.701005 -2.582395) (end 53.501005 -2.582395) (layer B.CrtYd) (width 0.05))
    (fp_line (start 53.501005 -6.132395) (end 1.701005 -6.132395) (layer B.CrtYd) (width 0.05))
    (fp_line (start 41.402 -5.588) (end 41.402 -3.048) (layer B.SilkS) (width 0.15))
    (fp_line (start 28.956 -5.588) (end 28.956 -3.048) (layer B.SilkS) (width 0.15))
    (pad 14 thru_hole oval (at 44.141005 -4.332395) (size 1.7 1.7) (drill 1) (layers *.Cu *.Mask)
      (net 39 /BatOVInterrupt))
    (pad 13 thru_hole oval (at 39.061005 -4.332395) (size 1.7 1.7) (drill 1) (layers *.Cu *.Mask)
      (net 35 /Vbat_adc+))
    (pad 12 thru_hole oval (at 36.521005 -4.332395) (size 1.7 1.7) (drill 1) (layers *.Cu *.Mask)
      (net 24 GNDA))
    (pad 11 thru_hole oval (at 33.981005 -4.332395) (size 1.7 1.7) (drill 1) (layers *.Cu *.Mask)
      (net 45 /Vb_sen-))
    (pad 10 thru_hole oval (at 31.441005 -4.332395) (size 1.7 1.7) (drill 1) (layers *.Cu *.Mask)
      (net 44 /Vb_sen+))
    (pad 9 thru_hole oval (at 26.361005 -4.332395) (size 1.7 1.7) (drill 1) (layers *.Cu *.Mask)
      (net 49 "Net-(U4-Pad9)"))
    (pad 8 thru_hole oval (at 23.821005 -4.332395) (size 1.7 1.7) (drill 1) (layers *.Cu *.Mask)
      (net 48 "Net-(U4-Pad8)"))
    (pad 7 thru_hole oval (at 21.281005 -4.332395) (size 1.7 1.7) (drill 1) (layers *.Cu *.Mask)
      (net 47 "Net-(U4-Pad7)"))
    (pad 6 thru_hole oval (at 18.741005 -4.332395) (size 1.7 1.7) (drill 1) (layers *.Cu *.Mask)
      (net 46 "Net-(U4-Pad6)"))
    (pad 5 thru_hole oval (at 16.201005 -4.332395) (size 1.7 1.7) (drill 1) (layers *.Cu *.Mask)
      (net 24 GNDA))
    (pad 4 thru_hole oval (at 11.121005 -4.332395) (size 1.7 1.7) (drill 1) (layers *.Cu *.Mask)
      (net 36 /Vpanel_adc+))
    (pad 3 thru_hole oval (at 8.581005 -4.332395) (size 1.7 1.7) (drill 1) (layers *.Cu *.Mask)
      (net 24 GNDA))
    (pad 2 thru_hole oval (at 6.041005 -4.332395) (size 1.7 1.7) (drill 1) (layers *.Cu *.Mask)
      (net 43 /Vp_sen+))
    (pad 1 thru_hole rect (at 3.501005 -4.332395) (size 1.7 1.7) (drill 1) (layers *.Cu *.Mask)
      (net 42 /Vp_sen-))
    (pad 15 thru_hole oval (at 46.681005 -4.332395) (size 1.7 1.7) (drill 1) (layers *.Cu *.Mask)
      (net 38 /PWM))
    (pad 16 thru_hole oval (at 49.221005 -4.332395) (size 1.7 1.7) (drill 1) (layers *.Cu *.Mask)
      (net 24 GNDA))
    (pad 17 thru_hole oval (at 51.761005 -4.332395) (size 1.7 1.7) (drill 1) (layers *.Cu *.Mask)
      (net 25 +5VA))
    (model ${KISYS3DMOD}/Connector_PinSocket_2.54mm.3dshapes/PinSocket_1x20_P2.54mm_Vertical.wrl
      (at (xyz 0 0 0))
      (scale (xyz 1 1 1))
      (rotate (xyz 0 0 0))
    )
  )

  (module Diode_SMD:D_MELF_Handsoldering (layer F.Cu) (tedit 5905D89D) (tstamp 5B9AD489)
    (at 172.085 81.915 180)
    (descr "Diode MELF Handsoldering")
    (tags "Diode MELF Handsoldering")
    (path /5B90FDA0)
    (attr smd)
    (fp_text reference Ds2 (at 0 -2.25 180) (layer F.SilkS)
      (effects (font (size 1 1) (thickness 0.15)))
    )
    (fp_text value BYD77 (at 0 2.25 180) (layer F.Fab)
      (effects (font (size 1 1) (thickness 0.15)))
    )
    (fp_text user %R (at 0 -2.25 180) (layer F.Fab)
      (effects (font (size 1 1) (thickness 0.15)))
    )
    (fp_line (start 3.4 -1.5) (end -5.3 -1.5) (layer F.SilkS) (width 0.12))
    (fp_line (start -5.3 -1.5) (end -5.3 1.5) (layer F.SilkS) (width 0.12))
    (fp_line (start -5.3 1.5) (end 3.4 1.5) (layer F.SilkS) (width 0.12))
    (fp_line (start 2.6 -1.3) (end -2.6 -1.3) (layer F.Fab) (width 0.1))
    (fp_line (start -2.6 -1.3) (end -2.6 1.3) (layer F.Fab) (width 0.1))
    (fp_line (start -2.6 1.3) (end 2.6 1.3) (layer F.Fab) (width 0.1))
    (fp_line (start 2.6 1.3) (end 2.6 -1.3) (layer F.Fab) (width 0.1))
    (fp_line (start -0.64944 0.00102) (end -1.55114 0.00102) (layer F.Fab) (width 0.1))
    (fp_line (start 0.50118 0.00102) (end 1.4994 0.00102) (layer F.Fab) (width 0.1))
    (fp_line (start -0.64944 -0.79908) (end -0.64944 0.80112) (layer F.Fab) (width 0.1))
    (fp_line (start 0.50118 0.75032) (end 0.50118 -0.79908) (layer F.Fab) (width 0.1))
    (fp_line (start -0.64944 0.00102) (end 0.50118 0.75032) (layer F.Fab) (width 0.1))
    (fp_line (start -0.64944 0.00102) (end 0.50118 -0.79908) (layer F.Fab) (width 0.1))
    (fp_line (start -5.4 -1.6) (end 5.4 -1.6) (layer F.CrtYd) (width 0.05))
    (fp_line (start 5.4 -1.6) (end 5.4 1.6) (layer F.CrtYd) (width 0.05))
    (fp_line (start 5.4 1.6) (end -5.4 1.6) (layer F.CrtYd) (width 0.05))
    (fp_line (start -5.4 1.6) (end -5.4 -1.6) (layer F.CrtYd) (width 0.05))
    (pad 1 smd rect (at -3.4 0 180) (size 3.5 2.7) (layers F.Cu F.Paste F.Mask)
      (net 51 "Net-(Cs13-Pad2)"))
    (pad 2 smd rect (at 3.4 0 180) (size 3.5 2.7) (layers F.Cu F.Paste F.Mask)
      (net 31 /Source))
    (model ${KISYS3DMOD}/Diode_SMD.3dshapes/D_MELF.wrl
      (at (xyz 0 0 0))
      (scale (xyz 1 1 1))
      (rotate (xyz 0 0 0))
    )
  )

  (module Capacitor_SMD:C_0805_2012Metric_Pad1.15x1.40mm_HandSolder (layer B.Cu) (tedit 5B36C52B) (tstamp 5B9A8747)
    (at 95.885 129.54 90)
    (descr "Capacitor SMD 0805 (2012 Metric), square (rectangular) end terminal, IPC_7351 nominal with elongated pad for handsoldering. (Body size source: https://docs.google.com/spreadsheets/d/1BsfQQcO9C6DZCsRaXUlFlo91Tg2WpOkGARC1WS5S8t0/edit?usp=sharing), generated with kicad-footprint-generator")
    (tags "capacitor handsolder")
    (path /5B293676)
    (attr smd)
    (fp_text reference C17 (at 0 1.65 90) (layer B.SilkS)
      (effects (font (size 1 1) (thickness 0.15)) (justify mirror))
    )
    (fp_text value 100nF (at 0 -1.65 90) (layer B.Fab)
      (effects (font (size 1 1) (thickness 0.15)) (justify mirror))
    )
    (fp_text user %R (at 0 0 90) (layer B.Fab)
      (effects (font (size 0.5 0.5) (thickness 0.08)) (justify mirror))
    )
    (fp_line (start 1.85 -0.95) (end -1.85 -0.95) (layer B.CrtYd) (width 0.05))
    (fp_line (start 1.85 0.95) (end 1.85 -0.95) (layer B.CrtYd) (width 0.05))
    (fp_line (start -1.85 0.95) (end 1.85 0.95) (layer B.CrtYd) (width 0.05))
    (fp_line (start -1.85 -0.95) (end -1.85 0.95) (layer B.CrtYd) (width 0.05))
    (fp_line (start -0.261252 -0.71) (end 0.261252 -0.71) (layer B.SilkS) (width 0.12))
    (fp_line (start -0.261252 0.71) (end 0.261252 0.71) (layer B.SilkS) (width 0.12))
    (fp_line (start 1 -0.6) (end -1 -0.6) (layer B.Fab) (width 0.1))
    (fp_line (start 1 0.6) (end 1 -0.6) (layer B.Fab) (width 0.1))
    (fp_line (start -1 0.6) (end 1 0.6) (layer B.Fab) (width 0.1))
    (fp_line (start -1 -0.6) (end -1 0.6) (layer B.Fab) (width 0.1))
    (pad 2 smd roundrect (at 1.025 0 90) (size 1.15 1.4) (layers B.Cu B.Paste B.Mask)(roundrect_rratio 0.217391)
      (net 33 GND))
    (pad 1 smd roundrect (at -1.025 0 90) (size 1.15 1.4) (layers B.Cu B.Paste B.Mask)(roundrect_rratio 0.217391)
      (net 1 +5V))
    (model ${KISYS3DMOD}/Capacitor_SMD.3dshapes/C_0805_2012Metric.wrl
      (at (xyz 0 0 0))
      (scale (xyz 1 1 1))
      (rotate (xyz 0 0 0))
    )
  )

  (module Capacitor_SMD:C_0805_2012Metric_Pad1.15x1.40mm_HandSolder (layer B.Cu) (tedit 5B36C52B) (tstamp 5B9A8736)
    (at 100.33 129.54 90)
    (descr "Capacitor SMD 0805 (2012 Metric), square (rectangular) end terminal, IPC_7351 nominal with elongated pad for handsoldering. (Body size source: https://docs.google.com/spreadsheets/d/1BsfQQcO9C6DZCsRaXUlFlo91Tg2WpOkGARC1WS5S8t0/edit?usp=sharing), generated with kicad-footprint-generator")
    (tags "capacitor handsolder")
    (path /5B293655)
    (attr smd)
    (fp_text reference C16 (at 0 1.65 90) (layer B.SilkS)
      (effects (font (size 1 1) (thickness 0.15)) (justify mirror))
    )
    (fp_text value 100nF (at 0 -1.65 90) (layer B.Fab)
      (effects (font (size 1 1) (thickness 0.15)) (justify mirror))
    )
    (fp_line (start -1 -0.6) (end -1 0.6) (layer B.Fab) (width 0.1))
    (fp_line (start -1 0.6) (end 1 0.6) (layer B.Fab) (width 0.1))
    (fp_line (start 1 0.6) (end 1 -0.6) (layer B.Fab) (width 0.1))
    (fp_line (start 1 -0.6) (end -1 -0.6) (layer B.Fab) (width 0.1))
    (fp_line (start -0.261252 0.71) (end 0.261252 0.71) (layer B.SilkS) (width 0.12))
    (fp_line (start -0.261252 -0.71) (end 0.261252 -0.71) (layer B.SilkS) (width 0.12))
    (fp_line (start -1.85 -0.95) (end -1.85 0.95) (layer B.CrtYd) (width 0.05))
    (fp_line (start -1.85 0.95) (end 1.85 0.95) (layer B.CrtYd) (width 0.05))
    (fp_line (start 1.85 0.95) (end 1.85 -0.95) (layer B.CrtYd) (width 0.05))
    (fp_line (start 1.85 -0.95) (end -1.85 -0.95) (layer B.CrtYd) (width 0.05))
    (fp_text user %R (at -0.39 0 90) (layer B.Fab)
      (effects (font (size 0.5 0.5) (thickness 0.08)) (justify mirror))
    )
    (pad 1 smd roundrect (at -1.025 0 90) (size 1.15 1.4) (layers B.Cu B.Paste B.Mask)(roundrect_rratio 0.217391)
      (net 25 +5VA))
    (pad 2 smd roundrect (at 1.025 0 90) (size 1.15 1.4) (layers B.Cu B.Paste B.Mask)(roundrect_rratio 0.217391)
      (net 24 GNDA))
    (model ${KISYS3DMOD}/Capacitor_SMD.3dshapes/C_0805_2012Metric.wrl
      (at (xyz 0 0 0))
      (scale (xyz 1 1 1))
      (rotate (xyz 0 0 0))
    )
  )

  (module Capacitor_SMD:C_0805_2012Metric_Pad1.15x1.40mm_HandSolder (layer B.Cu) (tedit 5B36C52B) (tstamp 5B9A8706)
    (at 155.194 117.6505 270)
    (descr "Capacitor SMD 0805 (2012 Metric), square (rectangular) end terminal, IPC_7351 nominal with elongated pad for handsoldering. (Body size source: https://docs.google.com/spreadsheets/d/1BsfQQcO9C6DZCsRaXUlFlo91Tg2WpOkGARC1WS5S8t0/edit?usp=sharing), generated with kicad-footprint-generator")
    (tags "capacitor handsolder")
    (path /5B687683)
    (attr smd)
    (fp_text reference C10 (at 0 1.65 270) (layer B.SilkS)
      (effects (font (size 1 1) (thickness 0.15)) (justify mirror))
    )
    (fp_text value 10uF (at 0 -1.65 270) (layer B.Fab)
      (effects (font (size 1 1) (thickness 0.15)) (justify mirror))
    )
    (fp_line (start -1 -0.6) (end -1 0.6) (layer B.Fab) (width 0.1))
    (fp_line (start -1 0.6) (end 1 0.6) (layer B.Fab) (width 0.1))
    (fp_line (start 1 0.6) (end 1 -0.6) (layer B.Fab) (width 0.1))
    (fp_line (start 1 -0.6) (end -1 -0.6) (layer B.Fab) (width 0.1))
    (fp_line (start -0.261252 0.71) (end 0.261252 0.71) (layer B.SilkS) (width 0.12))
    (fp_line (start -0.261252 -0.71) (end 0.261252 -0.71) (layer B.SilkS) (width 0.12))
    (fp_line (start -1.85 -0.95) (end -1.85 0.95) (layer B.CrtYd) (width 0.05))
    (fp_line (start -1.85 0.95) (end 1.85 0.95) (layer B.CrtYd) (width 0.05))
    (fp_line (start 1.85 0.95) (end 1.85 -0.95) (layer B.CrtYd) (width 0.05))
    (fp_line (start 1.85 -0.95) (end -1.85 -0.95) (layer B.CrtYd) (width 0.05))
    (fp_text user %R (at 0 0 270) (layer B.Fab)
      (effects (font (size 0.5 0.5) (thickness 0.08)) (justify mirror))
    )
    (pad 1 smd roundrect (at -1.025 0 270) (size 1.15 1.4) (layers B.Cu B.Paste B.Mask)(roundrect_rratio 0.217391)
      (net 27 "Net-(C10-Pad1)"))
    (pad 2 smd roundrect (at 1.025 0 270) (size 1.15 1.4) (layers B.Cu B.Paste B.Mask)(roundrect_rratio 0.217391)
      (net 33 GND))
    (model ${KISYS3DMOD}/Capacitor_SMD.3dshapes/C_0805_2012Metric.wrl
      (at (xyz 0 0 0))
      (scale (xyz 1 1 1))
      (rotate (xyz 0 0 0))
    )
  )

  (module Capacitor_SMD:C_0805_2012Metric_Pad1.15x1.40mm_HandSolder (layer B.Cu) (tedit 5B36C52B) (tstamp 5B9A86F6)
    (at 157.48 117.6505 270)
    (descr "Capacitor SMD 0805 (2012 Metric), square (rectangular) end terminal, IPC_7351 nominal with elongated pad for handsoldering. (Body size source: https://docs.google.com/spreadsheets/d/1BsfQQcO9C6DZCsRaXUlFlo91Tg2WpOkGARC1WS5S8t0/edit?usp=sharing), generated with kicad-footprint-generator")
    (tags "capacitor handsolder")
    (path /5B5F6773)
    (attr smd)
    (fp_text reference C9 (at 0 1.65 270) (layer B.SilkS)
      (effects (font (size 1 1) (thickness 0.15)) (justify mirror))
    )
    (fp_text value 100nF (at 0 -1.65 270) (layer B.Fab)
      (effects (font (size 1 1) (thickness 0.15)) (justify mirror))
    )
    (fp_text user %R (at 0 0 270) (layer B.Fab)
      (effects (font (size 0.5 0.5) (thickness 0.08)) (justify mirror))
    )
    (fp_line (start 1.85 -0.95) (end -1.85 -0.95) (layer B.CrtYd) (width 0.05))
    (fp_line (start 1.85 0.95) (end 1.85 -0.95) (layer B.CrtYd) (width 0.05))
    (fp_line (start -1.85 0.95) (end 1.85 0.95) (layer B.CrtYd) (width 0.05))
    (fp_line (start -1.85 -0.95) (end -1.85 0.95) (layer B.CrtYd) (width 0.05))
    (fp_line (start -0.261252 -0.71) (end 0.261252 -0.71) (layer B.SilkS) (width 0.12))
    (fp_line (start -0.261252 0.71) (end 0.261252 0.71) (layer B.SilkS) (width 0.12))
    (fp_line (start 1 -0.6) (end -1 -0.6) (layer B.Fab) (width 0.1))
    (fp_line (start 1 0.6) (end 1 -0.6) (layer B.Fab) (width 0.1))
    (fp_line (start -1 0.6) (end 1 0.6) (layer B.Fab) (width 0.1))
    (fp_line (start -1 -0.6) (end -1 0.6) (layer B.Fab) (width 0.1))
    (pad 2 smd roundrect (at 1.025 0 270) (size 1.15 1.4) (layers B.Cu B.Paste B.Mask)(roundrect_rratio 0.217391)
      (net 33 GND))
    (pad 1 smd roundrect (at -1.025 0 270) (size 1.15 1.4) (layers B.Cu B.Paste B.Mask)(roundrect_rratio 0.217391)
      (net 27 "Net-(C10-Pad1)"))
    (model ${KISYS3DMOD}/Capacitor_SMD.3dshapes/C_0805_2012Metric.wrl
      (at (xyz 0 0 0))
      (scale (xyz 1 1 1))
      (rotate (xyz 0 0 0))
    )
  )

  (module Capacitor_SMD:C_0805_2012Metric_Pad1.15x1.40mm_HandSolder (layer B.Cu) (tedit 5B36C52B) (tstamp 5B9A86E6)
    (at 152.654 117.5535 270)
    (descr "Capacitor SMD 0805 (2012 Metric), square (rectangular) end terminal, IPC_7351 nominal with elongated pad for handsoldering. (Body size source: https://docs.google.com/spreadsheets/d/1BsfQQcO9C6DZCsRaXUlFlo91Tg2WpOkGARC1WS5S8t0/edit?usp=sharing), generated with kicad-footprint-generator")
    (tags "capacitor handsolder")
    (path /5B5F6659)
    (attr smd)
    (fp_text reference C8 (at 0 1.65 270) (layer B.SilkS)
      (effects (font (size 1 1) (thickness 0.15)) (justify mirror))
    )
    (fp_text value 100nF (at 0 -1.65 270) (layer B.Fab)
      (effects (font (size 1 1) (thickness 0.15)) (justify mirror))
    )
    (fp_line (start -1 -0.6) (end -1 0.6) (layer B.Fab) (width 0.1))
    (fp_line (start -1 0.6) (end 1 0.6) (layer B.Fab) (width 0.1))
    (fp_line (start 1 0.6) (end 1 -0.6) (layer B.Fab) (width 0.1))
    (fp_line (start 1 -0.6) (end -1 -0.6) (layer B.Fab) (width 0.1))
    (fp_line (start -0.261252 0.71) (end 0.261252 0.71) (layer B.SilkS) (width 0.12))
    (fp_line (start -0.261252 -0.71) (end 0.261252 -0.71) (layer B.SilkS) (width 0.12))
    (fp_line (start -1.85 -0.95) (end -1.85 0.95) (layer B.CrtYd) (width 0.05))
    (fp_line (start -1.85 0.95) (end 1.85 0.95) (layer B.CrtYd) (width 0.05))
    (fp_line (start 1.85 0.95) (end 1.85 -0.95) (layer B.CrtYd) (width 0.05))
    (fp_line (start 1.85 -0.95) (end -1.85 -0.95) (layer B.CrtYd) (width 0.05))
    (fp_text user %R (at 0 0 270) (layer B.Fab)
      (effects (font (size 0.5 0.5) (thickness 0.08)) (justify mirror))
    )
    (pad 1 smd roundrect (at -1.025 0 270) (size 1.15 1.4) (layers B.Cu B.Paste B.Mask)(roundrect_rratio 0.217391)
      (net 2 +12V))
    (pad 2 smd roundrect (at 1.025 0 270) (size 1.15 1.4) (layers B.Cu B.Paste B.Mask)(roundrect_rratio 0.217391)
      (net 33 GND))
    (model ${KISYS3DMOD}/Capacitor_SMD.3dshapes/C_0805_2012Metric.wrl
      (at (xyz 0 0 0))
      (scale (xyz 1 1 1))
      (rotate (xyz 0 0 0))
    )
  )

  (module Capacitor_SMD:C_0805_2012Metric_Pad1.15x1.40mm_HandSolder (layer B.Cu) (tedit 5B36C52B) (tstamp 5B9A86D6)
    (at 150.368 117.5535 270)
    (descr "Capacitor SMD 0805 (2012 Metric), square (rectangular) end terminal, IPC_7351 nominal with elongated pad for handsoldering. (Body size source: https://docs.google.com/spreadsheets/d/1BsfQQcO9C6DZCsRaXUlFlo91Tg2WpOkGARC1WS5S8t0/edit?usp=sharing), generated with kicad-footprint-generator")
    (tags "capacitor handsolder")
    (path /5B113643)
    (attr smd)
    (fp_text reference C5 (at 0 1.65 270) (layer B.SilkS)
      (effects (font (size 1 1) (thickness 0.15)) (justify mirror))
    )
    (fp_text value 10uF (at 0 -1.65 270) (layer B.Fab)
      (effects (font (size 1 1) (thickness 0.15)) (justify mirror))
    )
    (fp_text user %R (at 0 0 270) (layer B.Fab)
      (effects (font (size 0.5 0.5) (thickness 0.08)) (justify mirror))
    )
    (fp_line (start 1.85 -0.95) (end -1.85 -0.95) (layer B.CrtYd) (width 0.05))
    (fp_line (start 1.85 0.95) (end 1.85 -0.95) (layer B.CrtYd) (width 0.05))
    (fp_line (start -1.85 0.95) (end 1.85 0.95) (layer B.CrtYd) (width 0.05))
    (fp_line (start -1.85 -0.95) (end -1.85 0.95) (layer B.CrtYd) (width 0.05))
    (fp_line (start -0.261252 -0.71) (end 0.261252 -0.71) (layer B.SilkS) (width 0.12))
    (fp_line (start -0.261252 0.71) (end 0.261252 0.71) (layer B.SilkS) (width 0.12))
    (fp_line (start 1 -0.6) (end -1 -0.6) (layer B.Fab) (width 0.1))
    (fp_line (start 1 0.6) (end 1 -0.6) (layer B.Fab) (width 0.1))
    (fp_line (start -1 0.6) (end 1 0.6) (layer B.Fab) (width 0.1))
    (fp_line (start -1 -0.6) (end -1 0.6) (layer B.Fab) (width 0.1))
    (pad 2 smd roundrect (at 1.025 0 270) (size 1.15 1.4) (layers B.Cu B.Paste B.Mask)(roundrect_rratio 0.217391)
      (net 33 GND))
    (pad 1 smd roundrect (at -1.025 0 270) (size 1.15 1.4) (layers B.Cu B.Paste B.Mask)(roundrect_rratio 0.217391)
      (net 2 +12V))
